0.000000000000000000e+00 0.000000000000000000e+00 0.000000000000000000e+00
2.000000000000000042e-03 9.691444050326895876e-03 1.984375000000000028e-03
4.000000000000000083e-03 1.904389236830753701e-02 3.984252929687500354e-03
6.000000000000000125e-03 2.803297265169186689e-02 5.984251976013184662e-03
8.000000000000000167e-03 3.669937675317137826e-02 7.984251968562602886e-03
1.000000000000000021e-02 4.507716221946456853e-02 9.984251968504396016e-03
1.200000000000000025e-02 5.319485258008535555e-02 1.198425196850394329e-02
1.400000000000000029e-02 6.107661423239705428e-02 1.398425196850393813e-02
1.600000000000000033e-02 6.874313212786030414e-02 1.598425196850393817e-02
1.800000000000000211e-02 7.621227168108961336e-02 1.798425196850393995e-02
2.000000000000000042e-02 8.349958740817928216e-02 1.998425196850394173e-02
2.199999999999999872e-02 9.061871953855436812e-02 2.198425196850393656e-02
2.400000000000000050e-02 9.758170733255487617e-02 2.398425196850394181e-02
2.600000000000000228e-02 1.043992395150801361e-01 2.598425196850394359e-02
2.800000000000000058e-02 1.110808565782673701e-01 2.798425196850394189e-02
2.999999999999999889e-02 1.176351157845418882e-01 2.998425196850394020e-02
3.200000000000000067e-02 1.240697269369750166e-01 3.198425196850393504e-02
3.400000000000000244e-02 1.303916649975104813e-01 3.398425196850393681e-02
3.600000000000000422e-02 1.366072642002748860e-01 3.598425196850393859e-02
3.799999999999999906e-02 1.427222972391090638e-01 3.798425196850394731e-02
4.000000000000000083e-02 1.487420423216658238e-01 3.998425196850394908e-02
4.200000000000000261e-02 1.546713402617896638e-01 4.198425196850395086e-02
4.399999999999999745e-02 1.605146434831807856e-01 4.398425196850393182e-02
4.599999999999999922e-02 1.662760580194218019e-01 4.598425196850393359e-02
4.800000000000000100e-02 1.719593799965134506e-01 4.798425196850394231e-02
5.000000000000000278e-02 1.775681272983460623e-01 4.998425196850394409e-02
5.200000000000000455e-02 1.831055671639137405e-01 5.198425196850394586e-02
5.399999999999999939e-02 1.885747403991576143e-01 5.398425196850394764e-02
5.600000000000000117e-02 1.939784826558281217e-01 5.598425196850394941e-02
5.800000000000000294e-02 1.993194432366975077e-01 5.798425196850394425e-02
5.999999999999999778e-02 2.046001016366386926e-01 5.998425196850393909e-02
6.199999999999999956e-02 2.098227824367481509e-01 6.198425196850394087e-02
6.400000000000000133e-02 2.149896684028915206e-01 6.398425196850393570e-02
6.600000000000000311e-02 2.201028122541935639e-01 6.598425196850393748e-02
6.800000000000000488e-02 2.251641472068380834e-01 6.798425196850393926e-02
7.000000000000000666e-02 2.301754964418128435e-01 6.998425196850394103e-02
7.200000000000000844e-02 2.351385816321387434e-01 7.198425196850394281e-02
7.399999999999999634e-02 2.400550306396376232e-01 7.398425196850395846e-02
7.599999999999999811e-02 2.449263844860084249e-01 7.598425196850396024e-02
7.799999999999999989e-02 2.497541036449500429e-01 7.798425196850396202e-02
8.000000000000000167e-02 2.545395738106444594e-01 7.998425196850396379e-02
8.200000000000000344e-02 2.592841110528658621e-01 8.198425196850396557e-02
8.400000000000000522e-02 2.639889667751527114e-01 8.398425196850395347e-02
8.600000000000000699e-02 2.686553318189203732e-01 8.598425196850396912e-02
8.799999999999999489e-02 2.732843405771776535e-01 8.798425196850392926e-02
8.999999999999999667e-02 2.778770746398266933e-01 8.998425196850393104e-02
9.199999999999999845e-02 2.824345661466068913e-01 9.198425196850393282e-02
9.400000000000000022e-02 2.869578008747232234e-01 9.398425196850393459e-02
9.600000000000000200e-02 2.914477210833972265e-01 9.598425196850395025e-02
9.800000000000000377e-02 2.959052281395430639e-01 9.798425196850395202e-02
1.000000000000000056e-01 3.003311849434238678e-01 9.998425196850395380e-02
1.020000000000000073e-01 3.047264181729767984e-01 1.019842519685039556e-01
1.040000000000000091e-01 3.090917203224466392e-01 1.039842519685039574e-01
1.059999999999999970e-01 3.134278517857695401e-01 1.059842519685039453e-01
1.079999999999999988e-01 3.177355424339569634e-01 1.079842519685039609e-01
1.100000000000000006e-01 3.220154934002221192e-01 1.099842519685039627e-01
1.120000000000000023e-01 3.262683786174839229e-01 1.119842519685039645e-01
1.140000000000000041e-01 3.304948462572833146e-01 1.139842519685039524e-01
1.160000000000000059e-01 3.346955200794954899e-01 1.159842519685039541e-01
1.180000000000000077e-01 3.388710006782715278e-01 1.179842519685039698e-01
1.199999999999999956e-01 3.430218666783132475e-01 1.199842519685039438e-01
1.219999999999999973e-01 3.471486758287086194e-01 1.219842519685039456e-01
1.239999999999999991e-01 3.512519660335022276e-01 1.239842519685039474e-01
1.260000000000000009e-01 3.553322563194390993e-01 1.259842519685039353e-01
1.280000000000000027e-01 3.593900477439916918e-01 1.279842519685039370e-01
1.300000000000000044e-01 3.634258242482774071e-01 1.299842519685039388e-01
1.320000000000000062e-01 3.674400534585330336e-01 1.319842519685039406e-01
1.340000000000000080e-01 3.714331874403750122e-01 1.339842519685039424e-01
1.360000000000000098e-01 3.754056633905544227e-01 1.359842519685039441e-01
1.380000000000000115e-01 3.793579044049121274e-01 1.379842519685039459e-01
1.400000000000000133e-01 3.832903198827911084e-01 1.399842519685039477e-01
1.420000000000000151e-01 3.872033063967006417e-01 1.419842519685039495e-01
1.440000000000000169e-01 3.910972480859932765e-01 1.439842519685039512e-01
1.459999999999999909e-01 3.949725172262441020e-01 1.459842519685039530e-01
1.479999999999999927e-01 3.988294747386554873e-01 1.479842519685039826e-01
1.499999999999999944e-01 4.026684706565877292e-01 1.499842519685039843e-01
1.519999999999999962e-01 4.064898445898997292e-01 1.519842519685039861e-01
1.539999999999999980e-01 4.102939261436622242e-01 1.539842519685039879e-01
1.559999999999999998e-01 4.140810353295574231e-01 1.559842519685039897e-01
1.580000000000000016e-01 4.178514829348530801e-01 1.579842519685039914e-01
1.600000000000000033e-01 4.216055708616436304e-01 1.599842519685039932e-01
1.620000000000000051e-01 4.253435926198245731e-01 1.619842519685039950e-01
1.640000000000000069e-01 4.290658334685205633e-01 1.639842519685039968e-01
1.660000000000000087e-01 4.327725708173416619e-01 1.659842519685039708e-01
1.680000000000000104e-01 4.364640745224106499e-01 1.679842519685039726e-01
1.700000000000000122e-01 4.401406072108390855e-01 1.699842519685040021e-01
1.720000000000000140e-01 4.438024243751814146e-01 1.719842519685040039e-01
1.740000000000000158e-01 4.474497748522278662e-01 1.739842519685040056e-01
1.759999999999999898e-01 4.510829009609421680e-01 1.759842519685039242e-01
1.779999999999999916e-01 4.547020387876600789e-01 1.779842519685039259e-01
1.799999999999999933e-01 4.583074182873252966e-01 1.799842519685039277e-01
1.819999999999999951e-01 4.618992637504355514e-01 1.819842519685039295e-01
1.839999999999999969e-01 4.654777937172848712e-01 1.839842519685039313e-01
1.859999999999999987e-01 4.690432213263380778e-01 1.859842519685039330e-01
1.880000000000000004e-01 4.725957544805945987e-01 1.879842519685039348e-01
1.900000000000000022e-01 4.761355960237121376e-01 1.899842519685039366e-01
1.920000000000000040e-01 4.796629439114737936e-01 1.919842519685039661e-01
1.940000000000000058e-01 4.831779913671166438e-01 1.939842519685039679e-01
1.960000000000000075e-01 4.866809270695207634e-01 1.959842519685039697e-01
1.980000000000000093e-01 4.901719352700482091e-01 1.979842519685039715e-01
2.000000000000000111e-01 4.936511959454304987e-01 1.999842519685039732e-01
2.020000000000000129e-01 4.971188849358810224e-01 2.019842519685039750e-01
2.040000000000000147e-01 5.005751741105108898e-01 2.039842519685039768e-01
2.060000000000000164e-01 5.040202314497650438e-01 2.059842519685039786e-01
2.080000000000000182e-01 5.074542211908507072e-01 2.079842519685039803e-01
2.099999999999999922e-01 5.108773039452197962e-01 2.099842519685039821e-01
2.119999999999999940e-01 5.142896368115307260e-01 2.119842519685039561e-01
2.139999999999999958e-01 5.176913734838265446e-01 2.139842519685039579e-01
2.159999999999999976e-01 5.210826643634514088e-01 2.159842519685039874e-01
2.179999999999999993e-01 5.244636566540370470e-01 2.179842519685039892e-01
2.200000000000000011e-01 5.278344944622337387e-01 2.199842519685039910e-01
2.220000000000000029e-01 5.311953189123819197e-01 2.219842519685039928e-01
2.240000000000000047e-01 5.345462681741139921e-01 2.239842519685039945e-01
2.260000000000000064e-01 5.378874776179964901e-01 2.259842519685039686e-01
2.280000000000000082e-01 5.412190798828339089e-01 2.279842519685039703e-01
2.300000000000000100e-01 5.445412049509246177e-01 2.299842519685039721e-01
2.320000000000000118e-01 5.478539802244591916e-01 2.319842519685039739e-01
2.340000000000000135e-01 5.511575306114653294e-01 2.339842519685039757e-01
2.360000000000000153e-01 5.544519785979767912e-01 2.359842519685039774e-01
2.380000000000000171e-01 5.577374443186376984e-01 2.379842519685040070e-01
2.399999999999999911e-01 5.610140456294321343e-01 2.399842519685039532e-01
2.419999999999999929e-01 5.642818981696494651e-01 2.419842519685039550e-01
2.439999999999999947e-01 5.675411154318673601e-01 2.439842519685039568e-01
2.459999999999999964e-01 5.707918088356959130e-01 2.459842519685039586e-01
2.479999999999999982e-01 5.740340877757889038e-01 2.479842519685039604e-01
2.500000000000000000e-01 5.772680596897361571e-01 2.499842519685039621e-01
2.520000000000000018e-01 5.804938301218097729e-01 2.519842519685039361e-01
2.540000000000000036e-01 5.837115027677173273e-01 2.539842519685039379e-01
2.560000000000000053e-01 5.869211795426555467e-01 2.559842519685039397e-01
2.580000000000000071e-01 5.901229606349333023e-01 2.579842519685039415e-01
2.600000000000000089e-01 5.933169445597324954e-01 2.599842519685039433e-01
2.620000000000000107e-01 5.965032282122677554e-01 2.619842519685039450e-01
2.640000000000000124e-01 5.996819069201730912e-01 2.639842519685039468e-01
2.660000000000000142e-01 6.028530744940181485e-01 2.659842519685039486e-01
2.680000000000000160e-01 6.060168232815861256e-01 2.679842519685039504e-01
2.700000000000000178e-01 6.091732442146671200e-01 2.699842519685039521e-01
2.720000000000000195e-01 6.123224268311912022e-01 2.719842519685039539e-01
2.740000000000000213e-01 6.154644594181791772e-01 2.739842519685039557e-01
2.760000000000000231e-01 6.185994289577150251e-01 2.759842519685039575e-01
2.780000000000000249e-01 6.217274212122417820e-01 2.779842519685039592e-01
2.800000000000000266e-01 6.248485207788545548e-01 2.799842519685039610e-01
2.820000000000000284e-01 6.279628110567917476e-01 2.819842519685039628e-01
2.840000000000000302e-01 6.310703745303715140e-01 2.839842519685039646e-01
2.860000000000000320e-01 6.341712925967348813e-01 2.859842519685039663e-01
2.880000000000000338e-01 6.372656456508581924e-01 2.879842519685039681e-01
2.899999999999999800e-01 6.403535131734654495e-01 2.899842519685039699e-01
2.919999999999999818e-01 6.434349737744841091e-01 2.919842519685039717e-01
2.939999999999999836e-01 6.465101052441624141e-01 2.939842519685040290e-01
2.959999999999999853e-01 6.495789846057331562e-01 2.959842519685040307e-01
2.979999999999999871e-01 6.526416881694175887e-01 2.979842519685040325e-01
2.999999999999999889e-01 6.556982915879751017e-01 2.999842519685040343e-01
3.019999999999999907e-01 6.587488699140170434e-01 3.019842519685040361e-01
3.039999999999999925e-01 6.617934976593204954e-01 3.039842519685040378e-01
3.059999999999999942e-01 6.648322488994701240e-01 3.059842519685040396e-01
3.079999999999999960e-01 6.678651971759539396e-01 3.079842519685040414e-01
3.099999999999999978e-01 6.708924157918420006e-01 3.099842519685040432e-01
3.119999999999999996e-01 6.739139777389842045e-01 3.119842519685040449e-01
3.140000000000000013e-01 6.769299558134175276e-01 3.139842519685040467e-01
3.160000000000000031e-01 6.799404226669242268e-01 3.159842519685040485e-01
3.180000000000000049e-01 6.829454509132929507e-01 3.179842519685040503e-01
3.200000000000000067e-01 6.859451132109601890e-01 3.199842519685040521e-01
3.220000000000000084e-01 6.889394823549994662e-01 3.219842519685040538e-01
3.240000000000000102e-01 6.919286313754077211e-01 3.239842519685040556e-01
3.260000000000000120e-01 6.949126336437555507e-01 3.259842519685040574e-01
3.280000000000000138e-01 6.978915629826711875e-01 3.279842519685040592e-01
3.300000000000000155e-01 7.008654937921512396e-01 3.299842519685040054e-01
3.320000000000000173e-01 7.038345011778439630e-01 3.319842519685040072e-01
3.340000000000000191e-01 7.067986610942122994e-01 3.339842519685040090e-01
3.360000000000000209e-01 7.097580504960264713e-01 3.359842519685040108e-01
3.380000000000000226e-01 7.127127475030718973e-01 3.379842519685040125e-01
3.400000000000000244e-01 7.156628315920867678e-01 3.399842519685040698e-01
3.420000000000000262e-01 7.186083837419356968e-01 3.419842519685040716e-01
3.440000000000000280e-01 7.215494867537998180e-01 3.439842519685040734e-01
3.460000000000000298e-01 7.244862253713918454e-01 3.459842519685040751e-01
3.480000000000000315e-01 7.274186865902433352e-01 3.479842519685040769e-01
3.500000000000000333e-01 7.303469599281513513e-01 3.499842519685040787e-01
3.519999999999999796e-01 7.332711377296564637e-01 3.519842519685039139e-01
3.539999999999999813e-01 7.361913155012886900e-01 3.539842519685039157e-01
3.559999999999999831e-01 7.391075922801302323e-01 3.559842519685039175e-01
3.579999999999999849e-01 7.420200710430348012e-01 3.579842519685039193e-01
3.599999999999999867e-01 7.449288591520586422e-01 3.599842519685039210e-01
3.619999999999999885e-01 7.478340689071973912e-01 3.619842519685039228e-01
3.639999999999999902e-01 7.507358178875781496e-01 3.639842519685039246e-01
3.659999999999999920e-01 7.536342298183617006e-01 3.659842519685039264e-01
3.679999999999999938e-01 7.565294351106478521e-01 3.679842519685039282e-01
3.699999999999999956e-01 7.594215716211103473e-01 3.699842519685039299e-01
3.719999999999999973e-01 7.623107854797447347e-01 3.719842519685039317e-01
3.739999999999999991e-01 7.651972320099788005e-01 3.739842519685039335e-01
3.760000000000000009e-01 7.680810767545239726e-01 3.759842519685039353e-01
3.780000000000000027e-01 7.709624966144817959e-01 3.779842519685039370e-01
3.800000000000000044e-01 7.738416811218450375e-01 3.799842519685039388e-01
3.820000000000000062e-01 7.767188338609283260e-01 3.819842519685039406e-01
3.840000000000000080e-01 7.795941740568650413e-01 3.839842519685039424e-01
3.860000000000000098e-01 7.824679383532622268e-01 3.859842519685039997e-01
3.880000000000000115e-01 7.853403828032013978e-01 3.879842519685040014e-01
3.900000000000000133e-01 7.882117851013512588e-01 3.899842519685040032e-01
3.920000000000000151e-01 7.910824470692009447e-01 3.919842519685040050e-01
3.940000000000000169e-01 7.939526975458561786e-01 3.939842519685040068e-01
3.960000000000000187e-01 7.968228954368364869e-01 3.959842519685040085e-01
3.980000000000000204e-01 7.996934333384407845e-01 3.979842519685040103e-01
4.000000000000000222e-01 8.025647415317841427e-01 3.999842519685040121e-01
4.020000000000000240e-01 8.054372924726442839e-01 4.019842519685040139e-01
4.040000000000000258e-01 8.083116059245774032e-01 4.039842519685040156e-01
4.060000000000000275e-01 8.111882546477653388e-01 4.059842519685040174e-01
4.080000000000000293e-01 8.140678709747184438e-01 4.079842519685040192e-01
4.100000000000000311e-01 8.169511536947234864e-01 4.099842519685040210e-01
4.120000000000000329e-01 8.198388769497091388e-01 4.119842519685040227e-01
4.140000000000000346e-01 8.227318990122441944e-01 4.139842519685040245e-01
4.160000000000000364e-01 8.256311729172831626e-01 4.159842519685040263e-01
4.179999999999999827e-01 8.285377582514540373e-01 4.179842519685040281e-01
4.199999999999999845e-01 8.314528344194438425e-01 4.199842519685040299e-01
4.219999999999999862e-01 8.343777155409582980e-01 4.219842519685040316e-01
4.239999999999999880e-01 8.373138671191412419e-01 4.239842519685039779e-01
4.259999999999999898e-01 8.402629246671801111e-01 4.259842519685039797e-01
4.279999999999999916e-01 8.432267143500722373e-01 4.279842519685039814e-01
4.299999999999999933e-01 8.462072757468432904e-01 4.299842519685039832e-01
4.319999999999999951e-01 8.492068866781049552e-01 4.319842519685040405e-01
4.339999999999999969e-01 8.522280898516892966e-01 4.339842519685040423e-01
4.359999999999999987e-01 8.552791045732972552e-01 4.359842519685040441e-01
4.380000000000000004e-01 8.583553815565987399e-01 4.379842519685040458e-01
4.400000000000000022e-01 8.614689520692582203e-01 4.399842519685040476e-01
4.420000000000000040e-01 8.646114686908725755e-01 4.419842519685040494e-01
4.440000000000000058e-01 8.677936782236738145e-01 4.439842519685040512e-01
4.460000000000000075e-01 8.710083472936656079e-01 4.459842519685040529e-01
4.480000000000000093e-01 8.742600208057067501e-01 4.479842519685040547e-01
4.500000000000000111e-01 8.775426194366670041e-01 4.499842519685040565e-01
4.520000000000000129e-01 8.808551364861237909e-01 4.519842519685040028e-01
4.540000000000000147e-01 8.841952276180472525e-01 4.539842519685040045e-01
4.560000000000000164e-01 8.875573766072857307e-01 4.559842519685040063e-01
4.580000000000000182e-01 8.909426279732384213e-01 4.579842519685040081e-01
4.600000000000000200e-01 8.943444146563904740e-01 4.599842519685040099e-01
4.620000000000000218e-01 8.977562282891481393e-01 4.619842519685040116e-01
4.640000000000000235e-01 9.011633306529647225e-01 4.639842519685040134e-01
4.660000000000000253e-01 9.045638760683967217e-01 4.659842519685040152e-01
4.680000000000000271e-01 9.079492939450631850e-01 4.679842519685040170e-01
4.700000000000000289e-01 9.113096299379156440e-01 4.699842519685040187e-01
4.720000000000000306e-01 9.146307951451129181e-01 4.719842519685040205e-01
4.740000000000000324e-01 9.178914731107099545e-01 4.739842519685040223e-01
4.760000000000000342e-01 9.210717542973381189e-01 4.759842519685040241e-01
4.780000000000000360e-01 9.241468937051769972e-01 4.779842519685040814e-01
4.799999999999999822e-01 9.270752221122028347e-01 4.799842519685039721e-01
4.819999999999999840e-01 9.298116749888041266e-01 4.819842519685039739e-01
4.839999999999999858e-01 9.322972580337878235e-01 4.839842519685039757e-01
4.859999999999999876e-01 9.344675759487560684e-01 4.859842519685039774e-01
4.879999999999999893e-01 9.362163394064721977e-01 4.879842519685039792e-01
4.899999999999999911e-01 9.374110109388904544e-01 4.899842519685039810e-01
4.919999999999999929e-01 9.378738726708071294e-01 4.919842519685039828e-01
4.939999999999999947e-01 9.374102110568860446e-01 4.939842519685039846e-01
4.959999999999999964e-01 9.357523950943297253e-01 4.959842519685039863e-01
4.979999999999999982e-01 9.325881623409674193e-01 4.979842519685039881e-01
5.000000000000000000e-01 9.274994719150639888e-01 4.999842519685039899e-01
5.020000000000000018e-01 9.199347890881661716e-01 5.019842519685039361e-01
5.040000000000000036e-01 8.775233389434828890e-01 5.039999692421259780e-01
5.060000000000000053e-01 8.536934313473895086e-01 5.059980468449629676e-01
5.080000000000000071e-01 8.341833456985379147e-01 5.079980449676220200e-01
5.100000000000000089e-01 8.263825434988615326e-01 5.099843597263096218e-01
5.120000000000000107e-01 8.197408832896726505e-01 5.119842528103617507e-01
5.140000000000000124e-01 8.140399055641380777e-01 5.139842519750810190e-01
5.160000000000000142e-01 8.082448565408369978e-01 5.159842519685553519e-01
5.180000000000000160e-01 8.016074567043180998e-01 5.179842519685042834e-01
5.200000000000000178e-01 7.941709173497530916e-01 5.199842519685039521e-01
5.220000000000000195e-01 7.859538802076452280e-01 5.219842519685039539e-01
5.240000000000000213e-01 7.768248977523425358e-01 5.239842519685039557e-01
5.260000000000000231e-01 7.668691161934224620e-01 5.259842519685039575e-01
5.280000000000000249e-01 7.570719534117228422e-01 5.279842519685039592e-01
5.300000000000000266e-01 7.482771135482549907e-01 5.299842519685039610e-01
5.320000000000000284e-01 7.406975378839256718e-01 5.319842519685039628e-01
5.340000000000000302e-01 7.275775598437697056e-01 5.339980314960630636e-01
5.360000000000000320e-01 7.231485181239926119e-01 5.359843596210630556e-01
5.380000000000000338e-01 7.190360950700026565e-01 5.379842528095395426e-01
5.400000000000000355e-01 7.108976469823036215e-01 5.399980314968844120e-01
5.420000000000000373e-01 7.089303446985435464e-01 5.419843596210693892e-01
5.440000000000000391e-01 7.072412980161616458e-01 5.439842528095396590e-01
5.460000000000000409e-01 7.028927794491407477e-01 5.459980314968844173e-01
5.480000000000000426e-01 7.024514990475119181e-01 5.479843596210693946e-01
5.500000000000000444e-01 7.021342245968678064e-01 5.499842528095396643e-01
5.520000000000000462e-01 7.019849617698994404e-01 5.519842519750746135e-01
5.540000000000000480e-01 7.020228057379637177e-01 5.539842519685553857e-01
5.560000000000000497e-01 7.022201525841639258e-01 5.559842519685043172e-01
5.580000000000000515e-01 7.025726670624791170e-01 5.579842519685039859e-01
5.600000000000000533e-01 7.030178415212772203e-01 5.599842519685039877e-01
5.620000000000000551e-01 7.036012944834038052e-01 5.619842519685039894e-01
5.640000000000000568e-01 7.043300578633469033e-01 5.639842519685039912e-01
5.660000000000000586e-01 7.052578054880223046e-01 5.659842519685039930e-01
5.680000000000000604e-01 7.064668594767588017e-01 5.679842519685039948e-01
5.700000000000000622e-01 7.081134260204439146e-01 5.699842519685039965e-01
5.720000000000000639e-01 7.102409184158045008e-01 5.719842519685039983e-01
5.740000000000000657e-01 7.117216569028882445e-01 5.739842519685040001e-01
5.760000000000000675e-01 7.118665413313149948e-01 5.759842519685040019e-01
5.779999999999999583e-01 7.115208650243400879e-01 5.779842519685038926e-01
5.799999999999999600e-01 7.111003332966033819e-01 5.799842519685038944e-01
5.819999999999999618e-01 7.107021681127460022e-01 5.819842519685038962e-01
5.839999999999999636e-01 7.103409062350868330e-01 5.839842519685038980e-01
5.859999999999999654e-01 7.100121104242187453e-01 5.859842519685038997e-01
5.879999999999999671e-01 7.096982506893089182e-01 5.879842519685039015e-01
5.899999999999999689e-01 7.093916774986191998e-01 5.899842519685039033e-01
5.919999999999999707e-01 7.090915694005401892e-01 5.919842519685040161e-01
5.939999999999999725e-01 7.087517914327579049e-01 5.939842519685040179e-01
5.959999999999999742e-01 7.083789032171033950e-01 5.959842519685040196e-01
5.979999999999999760e-01 7.079920614768298037e-01 5.979842519685040214e-01
5.999999999999999778e-01 7.076099333337003694e-01 5.999842519685040232e-01
6.019999999999999796e-01 7.072336251819305586e-01 6.019842519685040250e-01
6.039999999999999813e-01 7.068545906594261297e-01 6.039842519685040267e-01
6.059999999999999831e-01 7.065022401624156956e-01 6.059842519685040285e-01
6.079999999999999849e-01 7.062508899334777324e-01 6.079842519685040303e-01
6.099999999999999867e-01 7.059737588957468724e-01 6.099842519685040321e-01
6.119999999999999885e-01 7.058477793064323880e-01 6.119842519685040338e-01
6.139999999999999902e-01 7.057362370832743759e-01 6.139842519685040356e-01
0.000000000000000000e+00 0.000000000000000000e+00 0.000000000000000000e+00
0.000000000000000000e+00 0.000000000000000000e+00 0.000000000000000000e+00
0.000000000000000000e+00 0.000000000000000000e+00 0.000000000000000000e+00
0.000000000000000000e+00 0.000000000000000000e+00 0.000000000000000000e+00
0.000000000000000000e+00 0.000000000000000000e+00 0.000000000000000000e+00
0.000000000000000000e+00 0.000000000000000000e+00 0.000000000000000000e+00
0.000000000000000000e+00 0.000000000000000000e+00 0.000000000000000000e+00
0.000000000000000000e+00 0.000000000000000000e+00 0.000000000000000000e+00
0.000000000000000000e+00 0.000000000000000000e+00 0.000000000000000000e+00
0.000000000000000000e+00 0.000000000000000000e+00 0.000000000000000000e+00
0.000000000000000000e+00 0.000000000000000000e+00 0.000000000000000000e+00
0.000000000000000000e+00 0.000000000000000000e+00 0.000000000000000000e+00
0.000000000000000000e+00 0.000000000000000000e+00 0.000000000000000000e+00
0.000000000000000000e+00 0.000000000000000000e+00 0.000000000000000000e+00
0.000000000000000000e+00 0.000000000000000000e+00 0.000000000000000000e+00
0.000000000000000000e+00 0.000000000000000000e+00 0.000000000000000000e+00
0.000000000000000000e+00 0.000000000000000000e+00 0.000000000000000000e+00
0.000000000000000000e+00 0.000000000000000000e+00 0.000000000000000000e+00
0.000000000000000000e+00 0.000000000000000000e+00 0.000000000000000000e+00
0.000000000000000000e+00 0.000000000000000000e+00 0.000000000000000000e+00
0.000000000000000000e+00 0.000000000000000000e+00 0.000000000000000000e+00
0.000000000000000000e+00 0.000000000000000000e+00 0.000000000000000000e+00
0.000000000000000000e+00 0.000000000000000000e+00 0.000000000000000000e+00
0.000000000000000000e+00 0.000000000000000000e+00 0.000000000000000000e+00
0.000000000000000000e+00 0.000000000000000000e+00 0.000000000000000000e+00
0.000000000000000000e+00 0.000000000000000000e+00 0.000000000000000000e+00
0.000000000000000000e+00 0.000000000000000000e+00 0.000000000000000000e+00
0.000000000000000000e+00 0.000000000000000000e+00 0.000000000000000000e+00
0.000000000000000000e+00 0.000000000000000000e+00 0.000000000000000000e+00
0.000000000000000000e+00 0.000000000000000000e+00 0.000000000000000000e+00
0.000000000000000000e+00 0.000000000000000000e+00 0.000000000000000000e+00
0.000000000000000000e+00 0.000000000000000000e+00 0.000000000000000000e+00
0.000000000000000000e+00 0.000000000000000000e+00 0.000000000000000000e+00
0.000000000000000000e+00 0.000000000000000000e+00 0.000000000000000000e+00
0.000000000000000000e+00 0.000000000000000000e+00 0.000000000000000000e+00
0.000000000000000000e+00 0.000000000000000000e+00 0.000000000000000000e+00
0.000000000000000000e+00 0.000000000000000000e+00 0.000000000000000000e+00
0.000000000000000000e+00 0.000000000000000000e+00 0.000000000000000000e+00
0.000000000000000000e+00 0.000000000000000000e+00 0.000000000000000000e+00
0.000000000000000000e+00 0.000000000000000000e+00 0.000000000000000000e+00
0.000000000000000000e+00 0.000000000000000000e+00 0.000000000000000000e+00
0.000000000000000000e+00 0.000000000000000000e+00 0.000000000000000000e+00
0.000000000000000000e+00 0.000000000000000000e+00 0.000000000000000000e+00
0.000000000000000000e+00 0.000000000000000000e+00 0.000000000000000000e+00
0.000000000000000000e+00 0.000000000000000000e+00 0.000000000000000000e+00
0.000000000000000000e+00 0.000000000000000000e+00 0.000000000000000000e+00
0.000000000000000000e+00 0.000000000000000000e+00 0.000000000000000000e+00
0.000000000000000000e+00 0.000000000000000000e+00 0.000000000000000000e+00
0.000000000000000000e+00 0.000000000000000000e+00 0.000000000000000000e+00
0.000000000000000000e+00 0.000000000000000000e+00 0.000000000000000000e+00
0.000000000000000000e+00 0.000000000000000000e+00 0.000000000000000000e+00
0.000000000000000000e+00 0.000000000000000000e+00 0.000000000000000000e+00
0.000000000000000000e+00 0.000000000000000000e+00 0.000000000000000000e+00
0.000000000000000000e+00 0.000000000000000000e+00 0.000000000000000000e+00
0.000000000000000000e+00 0.000000000000000000e+00 0.000000000000000000e+00
0.000000000000000000e+00 0.000000000000000000e+00 0.000000000000000000e+00
0.000000000000000000e+00 0.000000000000000000e+00 0.000000000000000000e+00
0.000000000000000000e+00 0.000000000000000000e+00 0.000000000000000000e+00
0.000000000000000000e+00 0.000000000000000000e+00 0.000000000000000000e+00
0.000000000000000000e+00 0.000000000000000000e+00 0.000000000000000000e+00
0.000000000000000000e+00 0.000000000000000000e+00 0.000000000000000000e+00
0.000000000000000000e+00 0.000000000000000000e+00 0.000000000000000000e+00
0.000000000000000000e+00 0.000000000000000000e+00 0.000000000000000000e+00
0.000000000000000000e+00 0.000000000000000000e+00 0.000000000000000000e+00
0.000000000000000000e+00 0.000000000000000000e+00 0.000000000000000000e+00
0.000000000000000000e+00 0.000000000000000000e+00 0.000000000000000000e+00
0.000000000000000000e+00 0.000000000000000000e+00 0.000000000000000000e+00
0.000000000000000000e+00 0.000000000000000000e+00 0.000000000000000000e+00
0.000000000000000000e+00 0.000000000000000000e+00 0.000000000000000000e+00
0.000000000000000000e+00 0.000000000000000000e+00 0.000000000000000000e+00
0.000000000000000000e+00 0.000000000000000000e+00 0.000000000000000000e+00
0.000000000000000000e+00 0.000000000000000000e+00 0.000000000000000000e+00
0.000000000000000000e+00 0.000000000000000000e+00 0.000000000000000000e+00
0.000000000000000000e+00 0.000000000000000000e+00 0.000000000000000000e+00
0.000000000000000000e+00 0.000000000000000000e+00 0.000000000000000000e+00
0.000000000000000000e+00 0.000000000000000000e+00 0.000000000000000000e+00
0.000000000000000000e+00 0.000000000000000000e+00 0.000000000000000000e+00
0.000000000000000000e+00 0.000000000000000000e+00 0.000000000000000000e+00
0.000000000000000000e+00 0.000000000000000000e+00 0.000000000000000000e+00
0.000000000000000000e+00 0.000000000000000000e+00 0.000000000000000000e+00
0.000000000000000000e+00 0.000000000000000000e+00 0.000000000000000000e+00
0.000000000000000000e+00 0.000000000000000000e+00 0.000000000000000000e+00
0.000000000000000000e+00 0.000000000000000000e+00 0.000000000000000000e+00
0.000000000000000000e+00 0.000000000000000000e+00 0.000000000000000000e+00
0.000000000000000000e+00 0.000000000000000000e+00 0.000000000000000000e+00
0.000000000000000000e+00 0.000000000000000000e+00 0.000000000000000000e+00
0.000000000000000000e+00 0.000000000000000000e+00 0.000000000000000000e+00
0.000000000000000000e+00 0.000000000000000000e+00 0.000000000000000000e+00
0.000000000000000000e+00 0.000000000000000000e+00 0.000000000000000000e+00
0.000000000000000000e+00 0.000000000000000000e+00 0.000000000000000000e+00
0.000000000000000000e+00 0.000000000000000000e+00 0.000000000000000000e+00
0.000000000000000000e+00 0.000000000000000000e+00 0.000000000000000000e+00
0.000000000000000000e+00 0.000000000000000000e+00 0.000000000000000000e+00
0.000000000000000000e+00 0.000000000000000000e+00 0.000000000000000000e+00
0.000000000000000000e+00 0.000000000000000000e+00 0.000000000000000000e+00
0.000000000000000000e+00 0.000000000000000000e+00 0.000000000000000000e+00
0.000000000000000000e+00 0.000000000000000000e+00 0.000000000000000000e+00
0.000000000000000000e+00 0.000000000000000000e+00 0.000000000000000000e+00
0.000000000000000000e+00 0.000000000000000000e+00 0.000000000000000000e+00
0.000000000000000000e+00 0.000000000000000000e+00 0.000000000000000000e+00
0.000000000000000000e+00 0.000000000000000000e+00 0.000000000000000000e+00
0.000000000000000000e+00 0.000000000000000000e+00 0.000000000000000000e+00
0.000000000000000000e+00 0.000000000000000000e+00 0.000000000000000000e+00
0.000000000000000000e+00 0.000000000000000000e+00 0.000000000000000000e+00
0.000000000000000000e+00 0.000000000000000000e+00 0.000000000000000000e+00
0.000000000000000000e+00 0.000000000000000000e+00 0.000000000000000000e+00
0.000000000000000000e+00 0.000000000000000000e+00 0.000000000000000000e+00
0.000000000000000000e+00 0.000000000000000000e+00 0.000000000000000000e+00
0.000000000000000000e+00 0.000000000000000000e+00 0.000000000000000000e+00
0.000000000000000000e+00 0.000000000000000000e+00 0.000000000000000000e+00
0.000000000000000000e+00 0.000000000000000000e+00 0.000000000000000000e+00
0.000000000000000000e+00 0.000000000000000000e+00 0.000000000000000000e+00
0.000000000000000000e+00 0.000000000000000000e+00 0.000000000000000000e+00
0.000000000000000000e+00 0.000000000000000000e+00 0.000000000000000000e+00
0.000000000000000000e+00 0.000000000000000000e+00 0.000000000000000000e+00
0.000000000000000000e+00 0.000000000000000000e+00 0.000000000000000000e+00
0.000000000000000000e+00 0.000000000000000000e+00 0.000000000000000000e+00
0.000000000000000000e+00 0.000000000000000000e+00 0.000000000000000000e+00
0.000000000000000000e+00 0.000000000000000000e+00 0.000000000000000000e+00
0.000000000000000000e+00 0.000000000000000000e+00 0.000000000000000000e+00
0.000000000000000000e+00 0.000000000000000000e+00 0.000000000000000000e+00
0.000000000000000000e+00 0.000000000000000000e+00 0.000000000000000000e+00
0.000000000000000000e+00 0.000000000000000000e+00 0.000000000000000000e+00
0.000000000000000000e+00 0.000000000000000000e+00 0.000000000000000000e+00
0.000000000000000000e+00 0.000000000000000000e+00 0.000000000000000000e+00
0.000000000000000000e+00 0.000000000000000000e+00 0.000000000000000000e+00
0.000000000000000000e+00 0.000000000000000000e+00 0.000000000000000000e+00
0.000000000000000000e+00 0.000000000000000000e+00 0.000000000000000000e+00
0.000000000000000000e+00 0.000000000000000000e+00 0.000000000000000000e+00
0.000000000000000000e+00 0.000000000000000000e+00 0.000000000000000000e+00
0.000000000000000000e+00 0.000000000000000000e+00 0.000000000000000000e+00
0.000000000000000000e+00 0.000000000000000000e+00 0.000000000000000000e+00
0.000000000000000000e+00 0.000000000000000000e+00 0.000000000000000000e+00
0.000000000000000000e+00 0.000000000000000000e+00 0.000000000000000000e+00
0.000000000000000000e+00 0.000000000000000000e+00 0.000000000000000000e+00
0.000000000000000000e+00 0.000000000000000000e+00 0.000000000000000000e+00
0.000000000000000000e+00 0.000000000000000000e+00 0.000000000000000000e+00
0.000000000000000000e+00 0.000000000000000000e+00 0.000000000000000000e+00
0.000000000000000000e+00 0.000000000000000000e+00 0.000000000000000000e+00
0.000000000000000000e+00 0.000000000000000000e+00 0.000000000000000000e+00
0.000000000000000000e+00 0.000000000000000000e+00 0.000000000000000000e+00
0.000000000000000000e+00 0.000000000000000000e+00 0.000000000000000000e+00
0.000000000000000000e+00 0.000000000000000000e+00 0.000000000000000000e+00
0.000000000000000000e+00 0.000000000000000000e+00 0.000000000000000000e+00
0.000000000000000000e+00 0.000000000000000000e+00 0.000000000000000000e+00
0.000000000000000000e+00 0.000000000000000000e+00 0.000000000000000000e+00
0.000000000000000000e+00 0.000000000000000000e+00 0.000000000000000000e+00
0.000000000000000000e+00 0.000000000000000000e+00 0.000000000000000000e+00
0.000000000000000000e+00 0.000000000000000000e+00 0.000000000000000000e+00
0.000000000000000000e+00 0.000000000000000000e+00 0.000000000000000000e+00
0.000000000000000000e+00 0.000000000000000000e+00 0.000000000000000000e+00
0.000000000000000000e+00 0.000000000000000000e+00 0.000000000000000000e+00
0.000000000000000000e+00 0.000000000000000000e+00 0.000000000000000000e+00
0.000000000000000000e+00 0.000000000000000000e+00 0.000000000000000000e+00
0.000000000000000000e+00 0.000000000000000000e+00 0.000000000000000000e+00
0.000000000000000000e+00 0.000000000000000000e+00 0.000000000000000000e+00
0.000000000000000000e+00 0.000000000000000000e+00 0.000000000000000000e+00
0.000000000000000000e+00 0.000000000000000000e+00 0.000000000000000000e+00
0.000000000000000000e+00 0.000000000000000000e+00 0.000000000000000000e+00
0.000000000000000000e+00 0.000000000000000000e+00 0.000000000000000000e+00
0.000000000000000000e+00 0.000000000000000000e+00 0.000000000000000000e+00
0.000000000000000000e+00 0.000000000000000000e+00 0.000000000000000000e+00
0.000000000000000000e+00 0.000000000000000000e+00 0.000000000000000000e+00
0.000000000000000000e+00 0.000000000000000000e+00 0.000000000000000000e+00
0.000000000000000000e+00 0.000000000000000000e+00 0.000000000000000000e+00
0.000000000000000000e+00 0.000000000000000000e+00 0.000000000000000000e+00
0.000000000000000000e+00 0.000000000000000000e+00 0.000000000000000000e+00
0.000000000000000000e+00 0.000000000000000000e+00 0.000000000000000000e+00
0.000000000000000000e+00 0.000000000000000000e+00 0.000000000000000000e+00
0.000000000000000000e+00 0.000000000000000000e+00 0.000000000000000000e+00
0.000000000000000000e+00 0.000000000000000000e+00 0.000000000000000000e+00
0.000000000000000000e+00 0.000000000000000000e+00 0.000000000000000000e+00
0.000000000000000000e+00 0.000000000000000000e+00 0.000000000000000000e+00
0.000000000000000000e+00 0.000000000000000000e+00 0.000000000000000000e+00
0.000000000000000000e+00 0.000000000000000000e+00 0.000000000000000000e+00
0.000000000000000000e+00 0.000000000000000000e+00 0.000000000000000000e+00
0.000000000000000000e+00 0.000000000000000000e+00 0.000000000000000000e+00
0.000000000000000000e+00 0.000000000000000000e+00 0.000000000000000000e+00
0.000000000000000000e+00 0.000000000000000000e+00 0.000000000000000000e+00
0.000000000000000000e+00 0.000000000000000000e+00 0.000000000000000000e+00
0.000000000000000000e+00 0.000000000000000000e+00 0.000000000000000000e+00
0.000000000000000000e+00 0.000000000000000000e+00 0.000000000000000000e+00
0.000000000000000000e+00 0.000000000000000000e+00 0.000000000000000000e+00
0.000000000000000000e+00 0.000000000000000000e+00 0.000000000000000000e+00
0.000000000000000000e+00 0.000000000000000000e+00 0.000000000000000000e+00
0.000000000000000000e+00 0.000000000000000000e+00 0.000000000000000000e+00
0.000000000000000000e+00 0.000000000000000000e+00 0.000000000000000000e+00
0.000000000000000000e+00 0.000000000000000000e+00 0.000000000000000000e+00
0.000000000000000000e+00 0.000000000000000000e+00 0.000000000000000000e+00
0.000000000000000000e+00 0.000000000000000000e+00 0.000000000000000000e+00
0.000000000000000000e+00 0.000000000000000000e+00 0.000000000000000000e+00
0.000000000000000000e+00 0.000000000000000000e+00 0.000000000000000000e+00
0.000000000000000000e+00 0.000000000000000000e+00 0.000000000000000000e+00
