0.000000000000000000e+00 0.000000000000000000e+00 0.000000000000000000e+00
2.000000000000000042e-03 8.915368863848356640e-02 8.897737325219332027e-02
4.000000000000000083e-03 1.675744164884478415e-01 1.669103464555308503e-01
6.000000000000000125e-03 2.367640363936867609e-01 2.353576043486618474e-01
8.000000000000000167e-03 2.983539257567129899e-01 2.959940192264602921e-01
1.000000000000000021e-02 3.535968274420523971e-01 3.501063074125361774e-01
1.200000000000000025e-02 4.034712263710406033e-01 3.987000120932679970e-01
1.400000000000000029e-02 4.487543350855992541e-01 4.425742531536268620e-01
1.600000000000000033e-02 4.900726568794110949e-01 4.823735249859179008e-01
1.800000000000000211e-02 5.279378234779801282e-01 5.186244188455927384e-01
2.000000000000000042e-02 5.627725187434090559e-01 5.517621937411859578e-01
2.199999999999999872e-02 5.949295746395053541e-01 5.821503546766547688e-01
2.400000000000000050e-02 6.247062686378554996e-01 6.100953154417085855e-01
2.600000000000000228e-02 6.523551866400500998e-01 6.358575425109032064e-01
2.800000000000000058e-02 6.780925868976359627e-01 6.596601379619605465e-01
2.999999999999999889e-02 7.021049181654611671e-01 6.816955304223943912e-01
3.200000000000000067e-02 7.245539559405275165e-01 7.021307491728984163e-01
3.400000000000000244e-02 7.455808908796680567e-01 7.211116236933394763e-01
3.600000000000000422e-02 7.653096137558272893e-01 7.387661590373869602e-01
3.799999999999999906e-02 7.838493776161056248e-01 7.552072721979709025e-01
4.000000000000000083e-02 8.012969719943408009e-01 7.705350277296100225e-01
4.200000000000000261e-02 8.177385151203814262e-01 7.848384810242533538e-01
4.399999999999999745e-02 8.332509321772026967e-01 7.981971996927917923e-01
4.599999999999999922e-02 8.479031968132371144e-01 8.106825411491561661e-01
4.800000000000000100e-02 8.617573669794454938e-01 8.223587193288984798e-01
5.000000000000000278e-02 8.748694604071204362e-01 8.332837064891139844e-01
5.200000000000000455e-02 8.872901979744278744e-01 8.435099991461849633e-01
5.399999999999999939e-02 8.990656366247615772e-01 8.530852705041125361e-01
5.600000000000000117e-02 9.102377118822787549e-01 8.620529298628755166e-01
5.800000000000000294e-02 9.208447036838585120e-01 8.704526032044104245e-01
5.999999999999999778e-02 9.309216408439220380e-01 8.783205504416765619e-01
6.199999999999999956e-02 9.405006491979137628e-01 8.856900249285423188e-01
6.400000000000000133e-02 9.496112566721263137e-01 8.925915884266947264e-01
6.600000000000000311e-02 9.582806589151690035e-01 8.990533855335469671e-01
6.800000000000000488e-02 9.665339525231049222e-01 9.051013846846012179e-01
7.000000000000000666e-02 9.743943399158286889e-01 9.107595899590266164e-01
7.200000000000000844e-02 9.818833102174754357e-01 9.160502281307983941e-01
7.399999999999999634e-02 9.890207992906088208e-01 9.209939142203353857e-01
7.599999999999999811e-02 9.958253315079711454e-01 9.256097982275369729e-01
7.799999999999999989e-02 1.002314146369719161e+00 9.299156961750186801e-01
8.000000000000000167e-02 1.008503310914243167e+00 9.339282065395357879e-01
8.200000000000000344e-02 1.014407819956768764e+00 9.376628141458615007e-01
8.400000000000000522e-02 1.020041687840148592e+00 9.411339850719981914e-01
8.600000000000000699e-02 1.025418027777480035e+00 9.443552490961576451e-01
8.799999999999999489e-02 1.030549125622496121e+00 9.473392760988682548e-01
8.999999999999999667e-02 1.035446505617761304e+00 9.500979442700154820e-01
9.199999999999999845e-02 1.040120989841543553e+00 9.526424017955966717e-01
9.400000000000000022e-02 1.044582752080604360e+00 9.549831227726570670e-01
9.600000000000000200e-02 1.048841366675713260e+00 9.571299579253986778e-01
9.800000000000000377e-02 1.052905852937419784e+00 9.590921807325826220e-01
1.000000000000000056e-01 1.056784715572304911e+00 9.608785294250588027e-01
1.020000000000000073e-01 1.060485981764771379e+00 9.624972454912060771e-01
1.040000000000000091e-01 1.064017233851996869e+00 9.639561077727242244e-01
1.059999999999999970e-01 1.067385642024863301e+00 9.652624662114686060e-01
1.079999999999999988e-01 1.070597990603122218e+00 9.664232694359083942e-01
1.100000000000000006e-01 1.073660705018831818e+00 9.674450926840699738e-01
1.120000000000000023e-01 1.076579875312982271e+00 9.683341622912621238e-01
1.140000000000000041e-01 1.079361278048628581e+00 9.690963784913331214e-01
1.160000000000000059e-01 1.082010396409661679e+00 9.697373363457140183e-01
1.180000000000000077e-01 1.084532438749412631e+00 9.702623450693298457e-01
1.199999999999999956e-01 1.086932355879005385e+00 9.706764460115862025e-01
1.219999999999999973e-01 1.089214856865054371e+00 9.709844291263334259e-01
1.239999999999999991e-01 1.091384423723796404e+00 9.711908482806658194e-01
1.260000000000000009e-01 1.093445325032786242e+00 9.713000354396069680e-01
1.280000000000000027e-01 1.095401628552447049e+00 9.713161138221821922e-01
1.300000000000000044e-01 1.097257212957172934e+00 9.712430101298140661e-01
1.320000000000000062e-01 1.099015778726198933e+00 9.710844659028653458e-01
1.340000000000000080e-01 1.100680858278426433e+00 9.708440480903217651e-01
1.360000000000000098e-01 1.102255825507457709e+00 9.705251589792600608e-01
1.380000000000000115e-01 1.103743904173636547e+00 9.701310450191682477e-01
1.400000000000000133e-01 1.105148176884533706e+00 9.696648060583797912e-01
1.420000000000000151e-01 1.106471592232465051e+00 9.691294028876781264e-01
1.440000000000000169e-01 1.107716971956189234e+00 9.685276647088573165e-01
1.459999999999999909e-01 1.108887017776465145e+00 9.678622962493077519e-01
1.479999999999999927e-01 1.109984317689572064e+00 9.671358843282276130e-01
1.499999999999999944e-01 1.111011351764860988e+00 9.663509039235518294e-01
1.519999999999999962e-01 1.111970497797206914e+00 9.655097240484981080e-01
1.539999999999999980e-01 1.112864036432998471e+00 9.646146131119355260e-01
1.559999999999999998e-01 1.113694155950545772e+00 9.636677439241191356e-01
1.580000000000000016e-01 1.114462957034806134e+00 9.626711986438564184e-01
1.600000000000000033e-01 1.115172456465552298e+00 9.616269727372263043e-01
1.620000000000000051e-01 1.115824592557731476e+00 9.605369804187117166e-01
1.640000000000000069e-01 1.116421227446859454e+00 9.594030572937020107e-01
1.660000000000000087e-01 1.116964151459995946e+00 9.582269647914296584e-01
1.680000000000000104e-01 1.117455086213426263e+00 9.570103934493798814e-01
1.700000000000000122e-01 1.117895687878357469e+00 9.557549663191696743e-01
1.720000000000000140e-01 1.118287550785028062e+00 9.544622425957512979e-01
1.740000000000000158e-01 1.118632209001998445e+00 9.531337195279113716e-01
1.759999999999999898e-01 1.118931140846125105e+00 9.517708367758589416e-01
1.779999999999999916e-01 1.119185769173797196e+00 9.503749771348461994e-01
1.799999999999999933e-01 1.119397465113556533e+00 9.489474701905249443e-01
1.819999999999999951e-01 1.119567551495678659e+00 9.474895956787003914e-01
1.839999999999999969e-01 1.119697302828082552e+00 9.460025838678317589e-01
1.859999999999999987e-01 1.119787948342592765e+00 9.444876185539798907e-01
1.880000000000000004e-01 1.119840673923254704e+00 9.429458390743417073e-01
1.900000000000000022e-01 1.119856623928930262e+00 9.413783422120397537e-01
1.920000000000000040e-01 1.119836902927822342e+00 9.397861840081225271e-01
1.940000000000000058e-01 1.119782577438041882e+00 9.381703815605977326e-01
1.960000000000000075e-01 1.119694677372562674e+00 9.365319145576136428e-01
1.980000000000000093e-01 1.119574197561326701e+00 9.348717268607129594e-01
2.000000000000000111e-01 1.119422099353078348e+00 9.331907281380109609e-01
2.020000000000000129e-01 1.119239311957410665e+00 9.314897952647868129e-01
2.040000000000000147e-01 1.119026733426512044e+00 9.297697734122781776e-01
2.060000000000000164e-01 1.118785232258191265e+00 9.280314776383988828e-01
2.080000000000000182e-01 1.118515648383348715e+00 9.262756939548878465e-01
2.099999999999999922e-01 1.118218794351361733e+00 9.245031805468295616e-01
2.119999999999999940e-01 1.117895456385033404e+00 9.227146688727366763e-01
2.139999999999999958e-01 1.117546395418564709e+00 9.209108647398521752e-01
2.159999999999999976e-01 1.117172348034789930e+00 9.190924492848000504e-01
2.179999999999999993e-01 1.116774027447311246e+00 9.172600799836290175e-01
2.200000000000000011e-01 1.116352124418465319e+00 9.154143915974964907e-01
2.220000000000000029e-01 1.115907307811762283e+00 9.135559968090289917e-01
2.240000000000000047e-01 1.115440226043133309e+00 9.116854875936805103e-01
2.260000000000000064e-01 1.114951507170012013e+00 9.098034354547555047e-01
2.280000000000000082e-01 1.114441760042832463e+00 9.079103925304123912e-01
2.300000000000000100e-01 1.113911574819546058e+00 9.060068921699950817e-01
2.320000000000000118e-01 1.113361523879172532e+00 9.040934498256486540e-01
2.340000000000000135e-01 1.112792162163813048e+00 9.021705634772038129e-01
2.360000000000000153e-01 1.112204028080615137e+00 9.002387145017221037e-01
2.380000000000000171e-01 1.111597643954652659e+00 8.982983681735083881e-01
2.399999999999999911e-01 1.110973516696518448e+00 8.963499743326075464e-01
2.419999999999999929e-01 1.110332138203078634e+00 8.943939678303810537e-01
2.439999999999999947e-01 1.109673986040687232e+00 8.924307692005656323e-01
2.459999999999999964e-01 1.108999523909255602e+00 8.904607851454378054e-01
2.479999999999999982e-01 1.108309202085030254e+00 8.884844090020741492e-01
2.500000000000000000e-01 1.107603457900586230e+00 8.865020212326226723e-01
2.520000000000000018e-01 1.106882716335287009e+00 8.845139899985304810e-01
2.540000000000000036e-01 1.106147390194814006e+00 8.825206714022124643e-01
2.560000000000000053e-01 1.105397880754859008e+00 8.805224100945420185e-01
2.580000000000000071e-01 1.104634578043241611e+00 8.785195395905029958e-01
2.600000000000000089e-01 1.103857861263650930e+00 8.765123826935233842e-01
2.620000000000000107e-01 1.103068099167486382e+00 8.745012518747699026e-01
2.640000000000000124e-01 1.102265650412024733e+00 8.724864496380169143e-01
2.660000000000000142e-01 1.101450863909147371e+00 8.704682688734720619e-01
2.680000000000000160e-01 1.100624079160595681e+00 8.684469931981269042e-01
2.700000000000000178e-01 1.099785626693885909e+00 8.664228973712788662e-01
2.720000000000000195e-01 1.098935827504298413e+00 8.643962469274358851e-01
2.740000000000000213e-01 1.098074995648572916e+00 8.623673002768261764e-01
2.760000000000000231e-01 1.097203435785620629e+00 8.603363068428334648e-01
2.780000000000000249e-01 1.096321444988821669e+00 8.583035085454773228e-01
2.800000000000000266e-01 1.095429312634377927e+00 8.562691397729407239e-01
2.820000000000000284e-01 1.094527321129901809e+00 8.542334280016142811e-01
2.840000000000000302e-01 1.093615745219262525e+00 8.521965933470743160e-01
2.860000000000000320e-01 1.092694853021614065e+00 8.501588493462333140e-01
2.880000000000000338e-01 1.091764906282041370e+00 8.481204032810368831e-01
2.899999999999999800e-01 1.090826160216393115e+00 8.460814560753127100e-01
2.919999999999999818e-01 1.089878863922470797e+00 8.440422026632647956e-01
2.939999999999999836e-01 1.088923260602342014e+00 8.420028322075222560e-01
2.959999999999999853e-01 1.087959587785440219e+00 8.399635283152587784e-01
2.979999999999999871e-01 1.086988077547343945e+00 8.379244692488286850e-01
2.999999999999999889e-01 1.086008956724576091e+00 8.358858281313061855e-01
3.019999999999999907e-01 1.085022447125974843e+00 8.338477731474238652e-01
3.039999999999999925e-01 1.084028765729208921e+00 8.318104677311846107e-01
3.059999999999999942e-01 1.083028125108473683e+00 8.297740709172823914e-01
3.079999999999999960e-01 1.082020732976093358e+00 8.277387370617255158e-01
3.099999999999999978e-01 1.081006793074825723e+00 8.257046165125936366e-01
3.119999999999999996e-01 1.079986505354240789e+00 8.236718557924365136e-01
3.140000000000000013e-01 1.078960065429940052e+00 8.216405972121394452e-01
3.160000000000000031e-01 1.077927666030372489e+00 8.196109800069102391e-01
3.180000000000000049e-01 1.076889495985047018e+00 8.175831395817302338e-01
3.200000000000000067e-01 1.075845741055945437e+00 8.155572081726841782e-01
3.220000000000000084e-01 1.074796584028175461e+00 8.135333149370369554e-01
3.240000000000000102e-01 1.073742204913785248e+00 8.115115861281249066e-01
3.260000000000000120e-01 1.072682781174882027e+00 8.094921452832386510e-01
3.280000000000000138e-01 1.071618487921139895e+00 8.074751133897112298e-01
3.300000000000000155e-01 1.070549498154067303e+00 8.054606090854141698e-01
3.320000000000000173e-01 1.069475983001775266e+00 8.034487488493412544e-01
3.340000000000000191e-01 1.068398111958961616e+00 8.014396471944406075e-01
3.360000000000000209e-01 1.067316053124454323e+00 7.994334168560991438e-01
3.380000000000000226e-01 1.066229973510390172e+00 7.974301690326914827e-01
3.400000000000000244e-01 1.065140039111318604e+00 7.954300134467382488e-01
3.420000000000000262e-01 1.064046415697548653e+00 7.934330589410880652e-01
3.440000000000000280e-01 1.062949268574675088e+00 7.914394132832320850e-01
3.460000000000000298e-01 1.061848763074408009e+00 7.894491835628133503e-01
3.480000000000000315e-01 1.060745064972768104e+00 7.874624764838060731e-01
3.500000000000000333e-01 1.059638340889468511e+00 7.854793986578683107e-01
3.519999999999999796e-01 1.058528758583483498e+00 7.835000568152569178e-01
3.539999999999999813e-01 1.057416487441780406e+00 7.815245581565075650e-01
3.559999999999999831e-01 1.056301698881037865e+00 7.795530106354735533e-01
3.579999999999999849e-01 1.055184566883483388e+00 7.775855233377660936e-01
3.599999999999999867e-01 1.054065268749988737e+00 7.756222070141782776e-01
3.619999999999999885e-01 1.052943984954420653e+00 7.736631739476506064e-01
3.639999999999999902e-01 1.051820900494572442e+00 7.717085389191556954e-01
3.659999999999999920e-01 1.050696205478346634e+00 7.697584196010616164e-01
3.679999999999999938e-01 1.049570095719501550e+00 7.678129369539650195e-01
3.699999999999999956e-01 1.048442773581765852e+00 7.658722157980684120e-01
3.719999999999999973e-01 1.047314448915532603e+00 7.639363854455719638e-01
3.739999999999999991e-01 1.046185340106641659e+00 7.620055804060020810e-01
3.760000000000000009e-01 1.045055675085254876e+00 7.600799410533285450e-01
3.780000000000000027e-01 1.043925692657394544e+00 7.581596145185693914e-01
3.800000000000000044e-01 1.042795643800784378e+00 7.562447555442685099e-01
3.820000000000000062e-01 1.041665793174802124e+00 7.543355274825191970e-01
3.840000000000000080e-01 1.040536420785880267e+00 7.524321033916790968e-01
3.860000000000000098e-01 1.039407823836021150e+00 7.505346672500495808e-01
3.880000000000000115e-01 1.038280318779257083e+00 7.486434153025254279e-01
3.900000000000000133e-01 1.037154243128728393e+00 7.467585572087377388e-01
3.920000000000000151e-01 1.036029960037866404e+00 7.448803191614736807e-01
3.940000000000000169e-01 1.034907857834851841e+00 7.430089433723099379e-01
3.960000000000000187e-01 1.033788355861304353e+00 7.411446920197639621e-01
3.980000000000000204e-01 1.032671906939925055e+00 7.392878487842466928e-01
4.000000000000000222e-01 1.031559001563580491e+00 7.374387215649158556e-01
4.020000000000000240e-01 1.030450172484022486e+00 7.355976454419272947e-01
4.040000000000000258e-01 1.029345999371200415e+00 7.337649856577218577e-01
4.060000000000000275e-01 1.028247114995166189e+00 7.319411416119147029e-01
4.080000000000000293e-01 1.027154210292504866e+00 7.301265500136434605e-01
4.100000000000000311e-01 1.026068043532097684e+00 7.283216909232128611e-01
4.120000000000000329e-01 1.024989445694686196e+00 7.265270909169714297e-01
4.140000000000000346e-01 1.023919331277117095e+00 7.247433301593599886e-01
4.160000000000000364e-01 1.022858707263854194e+00 7.229710479804581924e-01
4.179999999999999827e-01 1.021808684451336546e+00 7.212109500375742943e-01
4.199999999999999845e-01 1.020770489865943986e+00 7.194638161180118008e-01
4.219999999999999862e-01 1.019745480560078077e+00 7.177305087632351865e-01
4.239999999999999880e-01 1.018735159246415556e+00 7.160119830203854896e-01
4.259999999999999898e-01 1.017741191290824077e+00 7.143092969493228805e-01
4.279999999999999916e-01 1.016765423697367998e+00 7.126236232995730724e-01
4.299999999999999933e-01 1.015809906444556265e+00 7.109562625700170946e-01
4.319999999999999951e-01 1.014876914692509846e+00 7.093086563726839211e-01
4.339999999999999969e-01 1.013968991732739910e+00 7.076824149051528234e-01
4.359999999999999987e-01 1.013127215478061061e+00 7.061059240528417824e-01
4.380000000000000004e-01 1.012250607052004980e+00 7.045085403063516827e-01
4.400000000000000022e-01 1.011490396638149658e+00 7.029952845497309255e-01
4.420000000000000040e-01 1.010666738362348882e+00 7.014409304201102424e-01
4.440000000000000058e-01 1.009967634729519448e+00 6.999758653566774402e-01
4.460000000000000075e-01 1.009217597617358742e+00 6.984787760507458199e-01
4.480000000000000093e-01 1.008586467222677863e+00 6.970661251981129514e-01
4.500000000000000111e-01 1.007889177236069411e+00 6.956113649183194303e-01
4.520000000000000129e-01 1.007312128335069001e+00 6.942413078651756830e-01
4.540000000000000147e-01 1.006664717432044887e+00 6.928265844167605936e-01
4.560000000000000164e-01 1.006151709640327185e+00 6.915060163163907481e-01
4.580000000000000182e-01 1.005533675390698933e+00 6.901168389849685614e-01
4.600000000000000200e-01 1.005069504336551178e+00 6.888349627799128516e-01
4.620000000000000218e-01 1.004471906096638945e+00 6.874645186824051013e-01
4.640000000000000235e-01 1.003813217141651615e+00 6.860535536423859604e-01
4.660000000000000253e-01 1.003209650266119857e+00 6.846822797782124992e-01
4.680000000000000271e-01 1.002631377539358715e+00 6.833303234394716430e-01
4.700000000000000289e-01 1.002042222797284943e+00 6.819729150711527632e-01
4.720000000000000306e-01 1.001432080463556140e+00 6.806030084551287773e-01
4.740000000000000324e-01 1.000828809894089622e+00 6.792390860664671015e-01
4.760000000000000342e-01 1.000188105798879290e+00 6.778510589953748999e-01
4.780000000000000360e-01 9.995017559356031978e-01 6.764330452283612294e-01
4.799999999999999822e-01 9.987560979337758438e-01 6.749751831136837632e-01
4.819999999999999840e-01 9.979894461595124611e-01 6.735032759877653818e-01
4.839999999999999858e-01 9.970993693210876696e-01 6.719478246988127568e-01
4.859999999999999876e-01 9.960985721965676110e-01 6.703166607296531243e-01
4.879999999999999893e-01 9.949539647802270181e-01 6.685867554636278909e-01
4.899999999999999911e-01 9.936281304830744121e-01 6.667321788649277492e-01
4.919999999999999929e-01 9.920533904381996226e-01 6.647065111364716117e-01
4.939999999999999947e-01 9.901463020195380160e-01 6.624528448065555297e-01
4.959999999999999964e-01 9.878386855442307102e-01 6.599234356612012631e-01
4.979999999999999982e-01 9.849861173693236216e-01 6.570209086751365168e-01
5.000000000000000000e-01 9.813743312360557747e-01 6.536003620016913596e-01
5.020000000000000018e-01 9.767617842942358797e-01 6.494997186906468212e-01
5.040000000000000036e-01 9.576248358221132184e-01 6.353397842196150114e-01
5.060000000000000053e-01 9.453277216654013548e-01 6.259495781352022448e-01
5.080000000000000071e-01 9.324792657602591905e-01 6.161950197102271654e-01
5.100000000000000089e-01 9.246847865819204371e-01 6.099990735455718127e-01
5.120000000000000107e-01 9.172392734837405692e-01 6.040239120533957839e-01
5.140000000000000124e-01 9.094322760980543263e-01 5.978143665336920209e-01
5.160000000000000142e-01 9.014954378328237095e-01 5.915234014658221628e-01
5.180000000000000160e-01 8.933588799311614759e-01 5.851083703707511408e-01
5.200000000000000178e-01 8.850311081986310668e-01 5.785771882459941340e-01
5.220000000000000195e-01 8.764086781017332850e-01 5.718641462037291623e-01
5.240000000000000213e-01 8.676310037886759696e-01 5.650610964650200074e-01
5.260000000000000231e-01 8.586832213506100375e-01 5.581608576407388611e-01
5.280000000000000249e-01 8.500631071827647878e-01 5.514902839849711302e-01
5.300000000000000266e-01 8.418766581107876013e-01 5.451202877141841929e-01
5.320000000000000284e-01 8.342355639870523420e-01 5.391226445587852245e-01
5.340000000000000302e-01 8.221451871566017866e-01 5.300030748420555549e-01
5.360000000000000320e-01 8.152329793433752414e-01 5.245533250430894912e-01
5.380000000000000338e-01 8.090716774695223545e-01 5.195894384368967556e-01
5.400000000000000355e-01 7.986305134513880244e-01 5.116370337824318604e-01
5.420000000000000373e-01 7.921496984035726330e-01 5.065308051071620854e-01
5.440000000000000391e-01 7.863604771184066200e-01 5.018692466403793517e-01
5.460000000000000409e-01 7.762977577353552538e-01 4.942519942328860716e-01
5.480000000000000426e-01 7.699517275898648538e-01 4.892941107961393810e-01
5.500000000000000444e-01 7.645685720277330955e-01 4.849520583329836043e-01
5.520000000000000462e-01 7.592218238804876451e-01 4.806425603016781789e-01
5.540000000000000480e-01 7.540369786785390271e-01 4.764464015715286216e-01
5.560000000000000497e-01 7.490888763797973748e-01 4.724135365082989257e-01
5.580000000000000515e-01 7.444571653083440488e-01 4.685927064164682743e-01
5.600000000000000533e-01 7.398415021267497060e-01 4.647927023282055203e-01
5.620000000000000551e-01 7.353725741837787711e-01 4.610950543755275577e-01
5.640000000000000568e-01 7.310102883532602069e-01 4.574753175413813766e-01
5.660000000000000586e-01 7.268239007911897476e-01 4.539769162383235357e-01
5.680000000000000604e-01 7.227268460827541707e-01 4.505439814043467606e-01
5.700000000000000622e-01 7.186052797320736651e-01 4.471027549323470796e-01
5.720000000000000639e-01 7.144141432372775880e-01 4.436250026562985616e-01
5.740000000000000657e-01 7.101753157453649656e-01 4.401236749020727701e-01
5.760000000000000675e-01 7.059006691158520308e-01 4.366086510833741552e-01
5.779999999999999583e-01 7.017152077482269323e-01 4.331575726472238208e-01
5.799999999999999600e-01 6.975419634096355903e-01 4.297232552708111775e-01
5.819999999999999618e-01 6.934045698095486765e-01 4.263196181021864373e-01
5.839999999999999636e-01 6.892064736494836197e-01 4.228870819853138285e-01
5.859999999999999654e-01 6.849280141863147708e-01 4.194121949105010794e-01
5.879999999999999671e-01 6.805386815781779841e-01 4.158767931533893236e-01
5.899999999999999689e-01 6.760862762656533187e-01 4.123103756849900714e-01
5.919999999999999707e-01 6.715651014093690918e-01 4.087096883779363643e-01
5.939999999999999725e-01 6.668902633577122874e-01 4.050229701402351390e-01
5.959999999999999742e-01 6.621362483562815981e-01 4.012968812451765954e-01
5.979999999999999760e-01 6.574322847597428021e-01 3.976133057496622492e-01
5.999999999999999778e-01 6.528812407130651918e-01 3.940345422922501561e-01
6.019999999999999796e-01 6.484558254237460240e-01 3.905444732158381838e-01
6.039999999999999813e-01 6.440400223714897177e-01 3.870702632131842180e-01
6.059999999999999831e-01 6.397381196077377430e-01 3.836762627319560970e-01
6.079999999999999849e-01 6.357507296511645256e-01 3.804850684858497867e-01
6.099999999999999867e-01 6.316006652550522071e-01 3.772046231897019375e-01
6.119999999999999885e-01 6.279171239095857615e-01 3.742192796903315855e-01
6.139999999999999902e-01 6.242217676322709963e-01 3.712351521050000769e-01
0.000000000000000000e+00 0.000000000000000000e+00 0.000000000000000000e+00
0.000000000000000000e+00 0.000000000000000000e+00 0.000000000000000000e+00
0.000000000000000000e+00 0.000000000000000000e+00 0.000000000000000000e+00
0.000000000000000000e+00 0.000000000000000000e+00 0.000000000000000000e+00
0.000000000000000000e+00 0.000000000000000000e+00 0.000000000000000000e+00
0.000000000000000000e+00 0.000000000000000000e+00 0.000000000000000000e+00
0.000000000000000000e+00 0.000000000000000000e+00 0.000000000000000000e+00
0.000000000000000000e+00 0.000000000000000000e+00 0.000000000000000000e+00
0.000000000000000000e+00 0.000000000000000000e+00 0.000000000000000000e+00
0.000000000000000000e+00 0.000000000000000000e+00 0.000000000000000000e+00
0.000000000000000000e+00 0.000000000000000000e+00 0.000000000000000000e+00
0.000000000000000000e+00 0.000000000000000000e+00 0.000000000000000000e+00
0.000000000000000000e+00 0.000000000000000000e+00 0.000000000000000000e+00
0.000000000000000000e+00 0.000000000000000000e+00 0.000000000000000000e+00
0.000000000000000000e+00 0.000000000000000000e+00 0.000000000000000000e+00
0.000000000000000000e+00 0.000000000000000000e+00 0.000000000000000000e+00
0.000000000000000000e+00 0.000000000000000000e+00 0.000000000000000000e+00
0.000000000000000000e+00 0.000000000000000000e+00 0.000000000000000000e+00
0.000000000000000000e+00 0.000000000000000000e+00 0.000000000000000000e+00
0.000000000000000000e+00 0.000000000000000000e+00 0.000000000000000000e+00
0.000000000000000000e+00 0.000000000000000000e+00 0.000000000000000000e+00
0.000000000000000000e+00 0.000000000000000000e+00 0.000000000000000000e+00
0.000000000000000000e+00 0.000000000000000000e+00 0.000000000000000000e+00
0.000000000000000000e+00 0.000000000000000000e+00 0.000000000000000000e+00
0.000000000000000000e+00 0.000000000000000000e+00 0.000000000000000000e+00
0.000000000000000000e+00 0.000000000000000000e+00 0.000000000000000000e+00
0.000000000000000000e+00 0.000000000000000000e+00 0.000000000000000000e+00
0.000000000000000000e+00 0.000000000000000000e+00 0.000000000000000000e+00
0.000000000000000000e+00 0.000000000000000000e+00 0.000000000000000000e+00
0.000000000000000000e+00 0.000000000000000000e+00 0.000000000000000000e+00
0.000000000000000000e+00 0.000000000000000000e+00 0.000000000000000000e+00
0.000000000000000000e+00 0.000000000000000000e+00 0.000000000000000000e+00
0.000000000000000000e+00 0.000000000000000000e+00 0.000000000000000000e+00
0.000000000000000000e+00 0.000000000000000000e+00 0.000000000000000000e+00
0.000000000000000000e+00 0.000000000000000000e+00 0.000000000000000000e+00
0.000000000000000000e+00 0.000000000000000000e+00 0.000000000000000000e+00
0.000000000000000000e+00 0.000000000000000000e+00 0.000000000000000000e+00
0.000000000000000000e+00 0.000000000000000000e+00 0.000000000000000000e+00
0.000000000000000000e+00 0.000000000000000000e+00 0.000000000000000000e+00
0.000000000000000000e+00 0.000000000000000000e+00 0.000000000000000000e+00
0.000000000000000000e+00 0.000000000000000000e+00 0.000000000000000000e+00
0.000000000000000000e+00 0.000000000000000000e+00 0.000000000000000000e+00
0.000000000000000000e+00 0.000000000000000000e+00 0.000000000000000000e+00
0.000000000000000000e+00 0.000000000000000000e+00 0.000000000000000000e+00
0.000000000000000000e+00 0.000000000000000000e+00 0.000000000000000000e+00
0.000000000000000000e+00 0.000000000000000000e+00 0.000000000000000000e+00
0.000000000000000000e+00 0.000000000000000000e+00 0.000000000000000000e+00
0.000000000000000000e+00 0.000000000000000000e+00 0.000000000000000000e+00
0.000000000000000000e+00 0.000000000000000000e+00 0.000000000000000000e+00
0.000000000000000000e+00 0.000000000000000000e+00 0.000000000000000000e+00
0.000000000000000000e+00 0.000000000000000000e+00 0.000000000000000000e+00
0.000000000000000000e+00 0.000000000000000000e+00 0.000000000000000000e+00
0.000000000000000000e+00 0.000000000000000000e+00 0.000000000000000000e+00
0.000000000000000000e+00 0.000000000000000000e+00 0.000000000000000000e+00
0.000000000000000000e+00 0.000000000000000000e+00 0.000000000000000000e+00
0.000000000000000000e+00 0.000000000000000000e+00 0.000000000000000000e+00
0.000000000000000000e+00 0.000000000000000000e+00 0.000000000000000000e+00
0.000000000000000000e+00 0.000000000000000000e+00 0.000000000000000000e+00
0.000000000000000000e+00 0.000000000000000000e+00 0.000000000000000000e+00
0.000000000000000000e+00 0.000000000000000000e+00 0.000000000000000000e+00
0.000000000000000000e+00 0.000000000000000000e+00 0.000000000000000000e+00
0.000000000000000000e+00 0.000000000000000000e+00 0.000000000000000000e+00
0.000000000000000000e+00 0.000000000000000000e+00 0.000000000000000000e+00
0.000000000000000000e+00 0.000000000000000000e+00 0.000000000000000000e+00
0.000000000000000000e+00 0.000000000000000000e+00 0.000000000000000000e+00
0.000000000000000000e+00 0.000000000000000000e+00 0.000000000000000000e+00
0.000000000000000000e+00 0.000000000000000000e+00 0.000000000000000000e+00
0.000000000000000000e+00 0.000000000000000000e+00 0.000000000000000000e+00
0.000000000000000000e+00 0.000000000000000000e+00 0.000000000000000000e+00
0.000000000000000000e+00 0.000000000000000000e+00 0.000000000000000000e+00
0.000000000000000000e+00 0.000000000000000000e+00 0.000000000000000000e+00
0.000000000000000000e+00 0.000000000000000000e+00 0.000000000000000000e+00
0.000000000000000000e+00 0.000000000000000000e+00 0.000000000000000000e+00
0.000000000000000000e+00 0.000000000000000000e+00 0.000000000000000000e+00
0.000000000000000000e+00 0.000000000000000000e+00 0.000000000000000000e+00
0.000000000000000000e+00 0.000000000000000000e+00 0.000000000000000000e+00
0.000000000000000000e+00 0.000000000000000000e+00 0.000000000000000000e+00
0.000000000000000000e+00 0.000000000000000000e+00 0.000000000000000000e+00
0.000000000000000000e+00 0.000000000000000000e+00 0.000000000000000000e+00
0.000000000000000000e+00 0.000000000000000000e+00 0.000000000000000000e+00
0.000000000000000000e+00 0.000000000000000000e+00 0.000000000000000000e+00
0.000000000000000000e+00 0.000000000000000000e+00 0.000000000000000000e+00
0.000000000000000000e+00 0.000000000000000000e+00 0.000000000000000000e+00
0.000000000000000000e+00 0.000000000000000000e+00 0.000000000000000000e+00
0.000000000000000000e+00 0.000000000000000000e+00 0.000000000000000000e+00
0.000000000000000000e+00 0.000000000000000000e+00 0.000000000000000000e+00
0.000000000000000000e+00 0.000000000000000000e+00 0.000000000000000000e+00
0.000000000000000000e+00 0.000000000000000000e+00 0.000000000000000000e+00
0.000000000000000000e+00 0.000000000000000000e+00 0.000000000000000000e+00
0.000000000000000000e+00 0.000000000000000000e+00 0.000000000000000000e+00
0.000000000000000000e+00 0.000000000000000000e+00 0.000000000000000000e+00
0.000000000000000000e+00 0.000000000000000000e+00 0.000000000000000000e+00
0.000000000000000000e+00 0.000000000000000000e+00 0.000000000000000000e+00
0.000000000000000000e+00 0.000000000000000000e+00 0.000000000000000000e+00
0.000000000000000000e+00 0.000000000000000000e+00 0.000000000000000000e+00
0.000000000000000000e+00 0.000000000000000000e+00 0.000000000000000000e+00
0.000000000000000000e+00 0.000000000000000000e+00 0.000000000000000000e+00
0.000000000000000000e+00 0.000000000000000000e+00 0.000000000000000000e+00
0.000000000000000000e+00 0.000000000000000000e+00 0.000000000000000000e+00
0.000000000000000000e+00 0.000000000000000000e+00 0.000000000000000000e+00
0.000000000000000000e+00 0.000000000000000000e+00 0.000000000000000000e+00
0.000000000000000000e+00 0.000000000000000000e+00 0.000000000000000000e+00
0.000000000000000000e+00 0.000000000000000000e+00 0.000000000000000000e+00
0.000000000000000000e+00 0.000000000000000000e+00 0.000000000000000000e+00
0.000000000000000000e+00 0.000000000000000000e+00 0.000000000000000000e+00
0.000000000000000000e+00 0.000000000000000000e+00 0.000000000000000000e+00
0.000000000000000000e+00 0.000000000000000000e+00 0.000000000000000000e+00
0.000000000000000000e+00 0.000000000000000000e+00 0.000000000000000000e+00
0.000000000000000000e+00 0.000000000000000000e+00 0.000000000000000000e+00
0.000000000000000000e+00 0.000000000000000000e+00 0.000000000000000000e+00
0.000000000000000000e+00 0.000000000000000000e+00 0.000000000000000000e+00
0.000000000000000000e+00 0.000000000000000000e+00 0.000000000000000000e+00
0.000000000000000000e+00 0.000000000000000000e+00 0.000000000000000000e+00
0.000000000000000000e+00 0.000000000000000000e+00 0.000000000000000000e+00
0.000000000000000000e+00 0.000000000000000000e+00 0.000000000000000000e+00
0.000000000000000000e+00 0.000000000000000000e+00 0.000000000000000000e+00
0.000000000000000000e+00 0.000000000000000000e+00 0.000000000000000000e+00
0.000000000000000000e+00 0.000000000000000000e+00 0.000000000000000000e+00
0.000000000000000000e+00 0.000000000000000000e+00 0.000000000000000000e+00
0.000000000000000000e+00 0.000000000000000000e+00 0.000000000000000000e+00
0.000000000000000000e+00 0.000000000000000000e+00 0.000000000000000000e+00
0.000000000000000000e+00 0.000000000000000000e+00 0.000000000000000000e+00
0.000000000000000000e+00 0.000000000000000000e+00 0.000000000000000000e+00
0.000000000000000000e+00 0.000000000000000000e+00 0.000000000000000000e+00
0.000000000000000000e+00 0.000000000000000000e+00 0.000000000000000000e+00
0.000000000000000000e+00 0.000000000000000000e+00 0.000000000000000000e+00
0.000000000000000000e+00 0.000000000000000000e+00 0.000000000000000000e+00
0.000000000000000000e+00 0.000000000000000000e+00 0.000000000000000000e+00
0.000000000000000000e+00 0.000000000000000000e+00 0.000000000000000000e+00
0.000000000000000000e+00 0.000000000000000000e+00 0.000000000000000000e+00
0.000000000000000000e+00 0.000000000000000000e+00 0.000000000000000000e+00
0.000000000000000000e+00 0.000000000000000000e+00 0.000000000000000000e+00
0.000000000000000000e+00 0.000000000000000000e+00 0.000000000000000000e+00
0.000000000000000000e+00 0.000000000000000000e+00 0.000000000000000000e+00
0.000000000000000000e+00 0.000000000000000000e+00 0.000000000000000000e+00
0.000000000000000000e+00 0.000000000000000000e+00 0.000000000000000000e+00
0.000000000000000000e+00 0.000000000000000000e+00 0.000000000000000000e+00
0.000000000000000000e+00 0.000000000000000000e+00 0.000000000000000000e+00
0.000000000000000000e+00 0.000000000000000000e+00 0.000000000000000000e+00
0.000000000000000000e+00 0.000000000000000000e+00 0.000000000000000000e+00
0.000000000000000000e+00 0.000000000000000000e+00 0.000000000000000000e+00
0.000000000000000000e+00 0.000000000000000000e+00 0.000000000000000000e+00
0.000000000000000000e+00 0.000000000000000000e+00 0.000000000000000000e+00
0.000000000000000000e+00 0.000000000000000000e+00 0.000000000000000000e+00
0.000000000000000000e+00 0.000000000000000000e+00 0.000000000000000000e+00
0.000000000000000000e+00 0.000000000000000000e+00 0.000000000000000000e+00
0.000000000000000000e+00 0.000000000000000000e+00 0.000000000000000000e+00
0.000000000000000000e+00 0.000000000000000000e+00 0.000000000000000000e+00
0.000000000000000000e+00 0.000000000000000000e+00 0.000000000000000000e+00
0.000000000000000000e+00 0.000000000000000000e+00 0.000000000000000000e+00
0.000000000000000000e+00 0.000000000000000000e+00 0.000000000000000000e+00
0.000000000000000000e+00 0.000000000000000000e+00 0.000000000000000000e+00
0.000000000000000000e+00 0.000000000000000000e+00 0.000000000000000000e+00
0.000000000000000000e+00 0.000000000000000000e+00 0.000000000000000000e+00
0.000000000000000000e+00 0.000000000000000000e+00 0.000000000000000000e+00
0.000000000000000000e+00 0.000000000000000000e+00 0.000000000000000000e+00
0.000000000000000000e+00 0.000000000000000000e+00 0.000000000000000000e+00
0.000000000000000000e+00 0.000000000000000000e+00 0.000000000000000000e+00
0.000000000000000000e+00 0.000000000000000000e+00 0.000000000000000000e+00
0.000000000000000000e+00 0.000000000000000000e+00 0.000000000000000000e+00
0.000000000000000000e+00 0.000000000000000000e+00 0.000000000000000000e+00
0.000000000000000000e+00 0.000000000000000000e+00 0.000000000000000000e+00
0.000000000000000000e+00 0.000000000000000000e+00 0.000000000000000000e+00
0.000000000000000000e+00 0.000000000000000000e+00 0.000000000000000000e+00
0.000000000000000000e+00 0.000000000000000000e+00 0.000000000000000000e+00
0.000000000000000000e+00 0.000000000000000000e+00 0.000000000000000000e+00
0.000000000000000000e+00 0.000000000000000000e+00 0.000000000000000000e+00
0.000000000000000000e+00 0.000000000000000000e+00 0.000000000000000000e+00
0.000000000000000000e+00 0.000000000000000000e+00 0.000000000000000000e+00
0.000000000000000000e+00 0.000000000000000000e+00 0.000000000000000000e+00
0.000000000000000000e+00 0.000000000000000000e+00 0.000000000000000000e+00
0.000000000000000000e+00 0.000000000000000000e+00 0.000000000000000000e+00
0.000000000000000000e+00 0.000000000000000000e+00 0.000000000000000000e+00
0.000000000000000000e+00 0.000000000000000000e+00 0.000000000000000000e+00
0.000000000000000000e+00 0.000000000000000000e+00 0.000000000000000000e+00
0.000000000000000000e+00 0.000000000000000000e+00 0.000000000000000000e+00
0.000000000000000000e+00 0.000000000000000000e+00 0.000000000000000000e+00
0.000000000000000000e+00 0.000000000000000000e+00 0.000000000000000000e+00
0.000000000000000000e+00 0.000000000000000000e+00 0.000000000000000000e+00
0.000000000000000000e+00 0.000000000000000000e+00 0.000000000000000000e+00
0.000000000000000000e+00 0.000000000000000000e+00 0.000000000000000000e+00
0.000000000000000000e+00 0.000000000000000000e+00 0.000000000000000000e+00
0.000000000000000000e+00 0.000000000000000000e+00 0.000000000000000000e+00
0.000000000000000000e+00 0.000000000000000000e+00 0.000000000000000000e+00
0.000000000000000000e+00 0.000000000000000000e+00 0.000000000000000000e+00
0.000000000000000000e+00 0.000000000000000000e+00 0.000000000000000000e+00
0.000000000000000000e+00 0.000000000000000000e+00 0.000000000000000000e+00
0.000000000000000000e+00 0.000000000000000000e+00 0.000000000000000000e+00
0.000000000000000000e+00 0.000000000000000000e+00 0.000000000000000000e+00
0.000000000000000000e+00 0.000000000000000000e+00 0.000000000000000000e+00
0.000000000000000000e+00 0.000000000000000000e+00 0.000000000000000000e+00
0.000000000000000000e+00 0.000000000000000000e+00 0.000000000000000000e+00
0.000000000000000000e+00 0.000000000000000000e+00 0.000000000000000000e+00
