0.000000000000000000e+00 2.000000000000000000e+00
2.000000000000000042e-03 2.000000000000000000e+00
4.000000000000000083e-03 2.000000000000000000e+00
6.000000000000000125e-03 2.000000000000000000e+00
8.000000000000000167e-03 2.000000000000000000e+00
1.000000000000000021e-02 2.000000000000000000e+00
1.200000000000000025e-02 2.000000000000000000e+00
1.400000000000000029e-02 2.000000000000000000e+00
1.600000000000000033e-02 2.000000000000000000e+00
1.800000000000000211e-02 2.000000000000000000e+00
2.000000000000000042e-02 2.000000000000000000e+00
2.199999999999999872e-02 2.000000000000000000e+00
2.400000000000000050e-02 2.000000000000000000e+00
2.600000000000000228e-02 2.000000000000000000e+00
2.800000000000000058e-02 2.000000000000000000e+00
2.999999999999999889e-02 2.000000000000000000e+00
3.200000000000000067e-02 2.000000000000000000e+00
3.400000000000000244e-02 2.000000000000000000e+00
3.600000000000000422e-02 2.000000000000000000e+00
3.799999999999999906e-02 2.000000000000000000e+00
4.000000000000000083e-02 2.000000000000000000e+00
4.200000000000000261e-02 2.000000000000000000e+00
4.399999999999999745e-02 2.000000000000000000e+00
4.599999999999999922e-02 2.000000000000000000e+00
4.800000000000000100e-02 2.000000000000000000e+00
5.000000000000000278e-02 2.000000000000000000e+00
5.200000000000000455e-02 2.000000000000000000e+00
5.399999999999999939e-02 2.000000000000000000e+00
5.600000000000000117e-02 2.000000000000000000e+00
5.800000000000000294e-02 2.000000000000000000e+00
5.999999999999999778e-02 2.000000000000000000e+00
6.199999999999999956e-02 2.000000000000000000e+00
6.400000000000000133e-02 2.000000000000000000e+00
6.600000000000000311e-02 2.000000000000000000e+00
6.800000000000000488e-02 2.000000000000000000e+00
7.000000000000000666e-02 2.000000000000000000e+00
7.200000000000000844e-02 2.000000000000000000e+00
7.399999999999999634e-02 2.000000000000000000e+00
7.599999999999999811e-02 2.000000000000000000e+00
7.799999999999999989e-02 2.000000000000000000e+00
8.000000000000000167e-02 2.000000000000000000e+00
8.200000000000000344e-02 2.000000000000000000e+00
8.400000000000000522e-02 2.000000000000000000e+00
8.600000000000000699e-02 2.000000000000000000e+00
8.799999999999999489e-02 2.000000000000000000e+00
8.999999999999999667e-02 2.000000000000000000e+00
9.199999999999999845e-02 2.000000000000000000e+00
9.400000000000000022e-02 2.000000000000000000e+00
9.600000000000000200e-02 2.000000000000000000e+00
9.800000000000000377e-02 2.000000000000000000e+00
1.000000000000000056e-01 2.000000000000000000e+00
1.020000000000000073e-01 2.000000000000000000e+00
1.040000000000000091e-01 2.000000000000000000e+00
1.059999999999999970e-01 2.000000000000000000e+00
1.079999999999999988e-01 2.000000000000000000e+00
1.100000000000000006e-01 2.000000000000000000e+00
1.120000000000000023e-01 2.000000000000000000e+00
1.140000000000000041e-01 2.000000000000000000e+00
1.160000000000000059e-01 2.000000000000000000e+00
1.180000000000000077e-01 2.000000000000000000e+00
1.199999999999999956e-01 2.000000000000000000e+00
1.219999999999999973e-01 2.000000000000000000e+00
1.239999999999999991e-01 2.000000000000000000e+00
1.260000000000000009e-01 2.000000000000000000e+00
1.280000000000000027e-01 2.000000000000000000e+00
1.300000000000000044e-01 2.000000000000000000e+00
1.320000000000000062e-01 2.000000000000000000e+00
1.340000000000000080e-01 2.000000000000000000e+00
1.360000000000000098e-01 2.000000000000000000e+00
1.380000000000000115e-01 2.000000000000000000e+00
1.400000000000000133e-01 2.000000000000000000e+00
1.420000000000000151e-01 2.000000000000000000e+00
1.440000000000000169e-01 2.000000000000000000e+00
1.459999999999999909e-01 2.000000000000000000e+00
1.479999999999999927e-01 2.000000000000000000e+00
1.499999999999999944e-01 2.000000000000000000e+00
1.519999999999999962e-01 2.000000000000000000e+00
1.539999999999999980e-01 2.000000000000000000e+00
1.559999999999999998e-01 2.000000000000000000e+00
1.580000000000000016e-01 2.000000000000000000e+00
1.600000000000000033e-01 2.000000000000000000e+00
1.620000000000000051e-01 2.000000000000000000e+00
1.640000000000000069e-01 2.000000000000000000e+00
1.660000000000000087e-01 2.000000000000000000e+00
1.680000000000000104e-01 2.000000000000000000e+00
1.700000000000000122e-01 2.000000000000000000e+00
1.720000000000000140e-01 2.000000000000000000e+00
1.740000000000000158e-01 2.000000000000000000e+00
1.759999999999999898e-01 2.000000000000000000e+00
1.779999999999999916e-01 2.000000000000000000e+00
1.799999999999999933e-01 2.000000000000000000e+00
1.819999999999999951e-01 2.000000000000000000e+00
1.839999999999999969e-01 2.000000000000000000e+00
1.859999999999999987e-01 2.000000000000000000e+00
1.880000000000000004e-01 2.000000000000000000e+00
1.900000000000000022e-01 2.000000000000000000e+00
1.920000000000000040e-01 2.000000000000000000e+00
1.940000000000000058e-01 2.000000000000000000e+00
1.960000000000000075e-01 2.000000000000000000e+00
1.980000000000000093e-01 2.000000000000000000e+00
2.000000000000000111e-01 2.000000000000000000e+00
2.020000000000000129e-01 2.000000000000000000e+00
2.040000000000000147e-01 2.000000000000000000e+00
2.060000000000000164e-01 2.000000000000000000e+00
2.080000000000000182e-01 2.000000000000000000e+00
2.099999999999999922e-01 2.000000000000000000e+00
2.119999999999999940e-01 2.000000000000000000e+00
2.139999999999999958e-01 2.000000000000000000e+00
2.159999999999999976e-01 2.000000000000000000e+00
2.179999999999999993e-01 2.000000000000000000e+00
2.200000000000000011e-01 2.000000000000000000e+00
2.220000000000000029e-01 2.000000000000000000e+00
2.240000000000000047e-01 2.000000000000000000e+00
2.260000000000000064e-01 2.000000000000000000e+00
2.280000000000000082e-01 2.000000000000000000e+00
2.300000000000000100e-01 2.000000000000000000e+00
2.320000000000000118e-01 2.000000000000000000e+00
2.340000000000000135e-01 2.000000000000000000e+00
2.360000000000000153e-01 2.000000000000000000e+00
2.380000000000000171e-01 2.000000000000000000e+00
2.399999999999999911e-01 2.000000000000000000e+00
2.419999999999999929e-01 2.000000000000000000e+00
2.439999999999999947e-01 2.000000000000000000e+00
2.459999999999999964e-01 2.000000000000000000e+00
2.479999999999999982e-01 2.000000000000000000e+00
2.500000000000000000e-01 2.000000000000000000e+00
2.520000000000000018e-01 2.000000000000000000e+00
2.540000000000000036e-01 2.000000000000000000e+00
2.560000000000000053e-01 2.000000000000000000e+00
2.580000000000000071e-01 2.000000000000000000e+00
2.600000000000000089e-01 2.000000000000000000e+00
2.620000000000000107e-01 2.000000000000000000e+00
2.640000000000000124e-01 2.000000000000000000e+00
2.660000000000000142e-01 2.000000000000000000e+00
2.680000000000000160e-01 2.000000000000000000e+00
2.700000000000000178e-01 2.000000000000000000e+00
2.720000000000000195e-01 2.000000000000000000e+00
2.740000000000000213e-01 2.000000000000000000e+00
2.760000000000000231e-01 2.000000000000000000e+00
2.780000000000000249e-01 2.000000000000000000e+00
2.800000000000000266e-01 2.000000000000000000e+00
2.820000000000000284e-01 2.000000000000000000e+00
2.840000000000000302e-01 2.000000000000000000e+00
2.860000000000000320e-01 2.000000000000000000e+00
2.880000000000000338e-01 2.000000000000000000e+00
2.899999999999999800e-01 2.000000000000000000e+00
2.919999999999999818e-01 2.000000000000000000e+00
2.939999999999999836e-01 2.000000000000000000e+00
2.959999999999999853e-01 2.000000000000000000e+00
2.979999999999999871e-01 2.000000000000000000e+00
2.999999999999999889e-01 2.000000000000000000e+00
3.019999999999999907e-01 2.000000000000000000e+00
3.039999999999999925e-01 2.000000000000000000e+00
3.059999999999999942e-01 2.000000000000000000e+00
3.079999999999999960e-01 2.000000000000000000e+00
3.099999999999999978e-01 2.000000000000000000e+00
3.119999999999999996e-01 2.000000000000000000e+00
3.140000000000000013e-01 2.000000000000000000e+00
3.160000000000000031e-01 2.000000000000000000e+00
3.180000000000000049e-01 2.000000000000000000e+00
3.200000000000000067e-01 2.000000000000000000e+00
3.220000000000000084e-01 2.000000000000000000e+00
3.240000000000000102e-01 2.000000000000000000e+00
3.260000000000000120e-01 2.000000000000000000e+00
3.280000000000000138e-01 2.000000000000000000e+00
3.300000000000000155e-01 2.000000000000000000e+00
3.320000000000000173e-01 2.000000000000000000e+00
3.340000000000000191e-01 2.000000000000000000e+00
3.360000000000000209e-01 2.000000000000000000e+00
3.380000000000000226e-01 2.000000000000000000e+00
3.400000000000000244e-01 2.000000000000000000e+00
3.420000000000000262e-01 2.000000000000000000e+00
3.440000000000000280e-01 2.000000000000000000e+00
3.460000000000000298e-01 2.000000000000000000e+00
3.480000000000000315e-01 2.000000000000000000e+00
3.500000000000000333e-01 2.000000000000000000e+00
3.519999999999999796e-01 2.000000000000000000e+00
3.539999999999999813e-01 2.000000000000000000e+00
3.559999999999999831e-01 2.000000000000000000e+00
3.579999999999999849e-01 2.000000000000000000e+00
3.599999999999999867e-01 2.000000000000000000e+00
3.619999999999999885e-01 2.000000000000000000e+00
3.639999999999999902e-01 2.000000000000000000e+00
3.659999999999999920e-01 2.000000000000000000e+00
3.679999999999999938e-01 2.000000000000000000e+00
3.699999999999999956e-01 2.000000000000000000e+00
3.719999999999999973e-01 2.000000000000000000e+00
3.739999999999999991e-01 2.000000000000000000e+00
3.760000000000000009e-01 2.000000000000000000e+00
3.780000000000000027e-01 2.000000000000000000e+00
3.800000000000000044e-01 2.000000000000000000e+00
3.820000000000000062e-01 2.000000000000000000e+00
3.840000000000000080e-01 2.000000000000000000e+00
3.860000000000000098e-01 2.000000000000000000e+00
3.880000000000000115e-01 2.000000000000000000e+00
3.900000000000000133e-01 2.000000000000000000e+00
3.920000000000000151e-01 2.000000000000000000e+00
3.940000000000000169e-01 2.000000000000000000e+00
3.960000000000000187e-01 2.000000000000000000e+00
3.980000000000000204e-01 2.000000000000000000e+00
4.000000000000000222e-01 2.000000000000000000e+00
4.020000000000000240e-01 2.000000000000000000e+00
4.040000000000000258e-01 2.000000000000000000e+00
4.060000000000000275e-01 2.000000000000000000e+00
4.080000000000000293e-01 2.000000000000000000e+00
4.100000000000000311e-01 2.000000000000000000e+00
4.120000000000000329e-01 2.000000000000000000e+00
4.140000000000000346e-01 2.000000000000000000e+00
4.160000000000000364e-01 2.000000000000000000e+00
4.179999999999999827e-01 2.000000000000000000e+00
4.199999999999999845e-01 2.000000000000000000e+00
4.219999999999999862e-01 2.000000000000000000e+00
4.239999999999999880e-01 2.000000000000000000e+00
4.259999999999999898e-01 2.000000000000000000e+00
4.279999999999999916e-01 2.000000000000000000e+00
4.299999999999999933e-01 2.000000000000000000e+00
4.319999999999999951e-01 2.000000000000000000e+00
4.339999999999999969e-01 2.000000000000000000e+00
4.359999999999999987e-01 2.000000000000000000e+00
4.380000000000000004e-01 2.000000000000000000e+00
4.400000000000000022e-01 2.000000000000000000e+00
4.420000000000000040e-01 2.000000000000000000e+00
4.440000000000000058e-01 2.000000000000000000e+00
4.460000000000000075e-01 2.000000000000000000e+00
4.480000000000000093e-01 2.000000000000000000e+00
4.500000000000000111e-01 2.000000000000000000e+00
4.520000000000000129e-01 2.000000000000000000e+00
4.540000000000000147e-01 2.000000000000000000e+00
4.560000000000000164e-01 2.000000000000000000e+00
4.580000000000000182e-01 2.000000000000000000e+00
4.600000000000000200e-01 2.000000000000000000e+00
4.620000000000000218e-01 2.000000000000000000e+00
4.640000000000000235e-01 2.000000000000000000e+00
4.660000000000000253e-01 2.000000000000000000e+00
4.680000000000000271e-01 2.000000000000000000e+00
4.700000000000000289e-01 2.000000000000000000e+00
4.720000000000000306e-01 2.000000000000000000e+00
4.740000000000000324e-01 2.000000000000000000e+00
4.760000000000000342e-01 2.000000000000000000e+00
4.780000000000000360e-01 2.000000000000000000e+00
4.799999999999999822e-01 2.000000000000000000e+00
4.819999999999999840e-01 2.000000000000000000e+00
4.839999999999999858e-01 2.000000000000000000e+00
4.859999999999999876e-01 2.000000000000000000e+00
4.879999999999999893e-01 2.000000000000000000e+00
4.899999999999999911e-01 2.000000000000000000e+00
4.919999999999999929e-01 2.000000000000000000e+00
4.939999999999999947e-01 2.000000000000000000e+00
4.959999999999999964e-01 2.000000000000000000e+00
4.979999999999999982e-01 2.000000000000000000e+00
5.000000000000000000e-01 2.000000000000000000e+00
5.020000000000000018e-01 2.000000000000000000e+00
5.040000000000000036e-01 4.000000000000000000e+00
5.060000000000000053e-01 3.000000000000000000e+00
5.080000000000000071e-01 3.000000000000000000e+00
5.100000000000000089e-01 2.000000000000000000e+00
5.120000000000000107e-01 2.000000000000000000e+00
5.140000000000000124e-01 2.000000000000000000e+00
5.160000000000000142e-01 2.000000000000000000e+00
5.180000000000000160e-01 2.000000000000000000e+00
5.200000000000000178e-01 2.000000000000000000e+00
5.220000000000000195e-01 2.000000000000000000e+00
5.240000000000000213e-01 2.000000000000000000e+00
5.260000000000000231e-01 2.000000000000000000e+00
5.280000000000000249e-01 2.000000000000000000e+00
5.300000000000000266e-01 2.000000000000000000e+00
5.320000000000000284e-01 2.000000000000000000e+00
5.340000000000000302e-01 3.000000000000000000e+00
5.360000000000000320e-01 2.000000000000000000e+00
5.380000000000000338e-01 2.000000000000000000e+00
5.400000000000000355e-01 3.000000000000000000e+00
5.420000000000000373e-01 2.000000000000000000e+00
5.440000000000000391e-01 2.000000000000000000e+00
5.460000000000000409e-01 3.000000000000000000e+00
5.480000000000000426e-01 2.000000000000000000e+00
5.500000000000000444e-01 2.000000000000000000e+00
5.520000000000000462e-01 2.000000000000000000e+00
5.540000000000000480e-01 2.000000000000000000e+00
5.560000000000000497e-01 2.000000000000000000e+00
5.580000000000000515e-01 2.000000000000000000e+00
5.600000000000000533e-01 2.000000000000000000e+00
5.620000000000000551e-01 2.000000000000000000e+00
5.640000000000000568e-01 2.000000000000000000e+00
5.660000000000000586e-01 2.000000000000000000e+00
5.680000000000000604e-01 2.000000000000000000e+00
5.700000000000000622e-01 2.000000000000000000e+00
5.720000000000000639e-01 2.000000000000000000e+00
5.740000000000000657e-01 2.000000000000000000e+00
5.760000000000000675e-01 2.000000000000000000e+00
5.779999999999999583e-01 2.000000000000000000e+00
5.799999999999999600e-01 2.000000000000000000e+00
5.819999999999999618e-01 2.000000000000000000e+00
5.839999999999999636e-01 2.000000000000000000e+00
5.859999999999999654e-01 2.000000000000000000e+00
5.879999999999999671e-01 2.000000000000000000e+00
5.899999999999999689e-01 2.000000000000000000e+00
5.919999999999999707e-01 2.000000000000000000e+00
5.939999999999999725e-01 2.000000000000000000e+00
5.959999999999999742e-01 2.000000000000000000e+00
5.979999999999999760e-01 2.000000000000000000e+00
5.999999999999999778e-01 2.000000000000000000e+00
6.019999999999999796e-01 2.000000000000000000e+00
6.039999999999999813e-01 2.000000000000000000e+00
6.059999999999999831e-01 2.000000000000000000e+00
6.079999999999999849e-01 2.000000000000000000e+00
6.099999999999999867e-01 2.000000000000000000e+00
6.119999999999999885e-01 2.000000000000000000e+00
6.139999999999999902e-01 3.070000000000000000e+02
0.000000000000000000e+00 0.000000000000000000e+00
0.000000000000000000e+00 0.000000000000000000e+00
0.000000000000000000e+00 0.000000000000000000e+00
0.000000000000000000e+00 0.000000000000000000e+00
0.000000000000000000e+00 0.000000000000000000e+00
0.000000000000000000e+00 0.000000000000000000e+00
0.000000000000000000e+00 0.000000000000000000e+00
0.000000000000000000e+00 0.000000000000000000e+00
0.000000000000000000e+00 0.000000000000000000e+00
0.000000000000000000e+00 0.000000000000000000e+00
0.000000000000000000e+00 0.000000000000000000e+00
0.000000000000000000e+00 0.000000000000000000e+00
0.000000000000000000e+00 0.000000000000000000e+00
0.000000000000000000e+00 0.000000000000000000e+00
0.000000000000000000e+00 0.000000000000000000e+00
0.000000000000000000e+00 0.000000000000000000e+00
0.000000000000000000e+00 0.000000000000000000e+00
0.000000000000000000e+00 0.000000000000000000e+00
0.000000000000000000e+00 0.000000000000000000e+00
0.000000000000000000e+00 0.000000000000000000e+00
0.000000000000000000e+00 0.000000000000000000e+00
0.000000000000000000e+00 0.000000000000000000e+00
0.000000000000000000e+00 0.000000000000000000e+00
0.000000000000000000e+00 0.000000000000000000e+00
0.000000000000000000e+00 0.000000000000000000e+00
0.000000000000000000e+00 0.000000000000000000e+00
0.000000000000000000e+00 0.000000000000000000e+00
0.000000000000000000e+00 0.000000000000000000e+00
0.000000000000000000e+00 0.000000000000000000e+00
0.000000000000000000e+00 0.000000000000000000e+00
0.000000000000000000e+00 0.000000000000000000e+00
0.000000000000000000e+00 0.000000000000000000e+00
0.000000000000000000e+00 0.000000000000000000e+00
0.000000000000000000e+00 0.000000000000000000e+00
0.000000000000000000e+00 0.000000000000000000e+00
0.000000000000000000e+00 0.000000000000000000e+00
0.000000000000000000e+00 0.000000000000000000e+00
0.000000000000000000e+00 0.000000000000000000e+00
0.000000000000000000e+00 0.000000000000000000e+00
0.000000000000000000e+00 0.000000000000000000e+00
0.000000000000000000e+00 0.000000000000000000e+00
0.000000000000000000e+00 0.000000000000000000e+00
0.000000000000000000e+00 0.000000000000000000e+00
0.000000000000000000e+00 0.000000000000000000e+00
0.000000000000000000e+00 0.000000000000000000e+00
0.000000000000000000e+00 0.000000000000000000e+00
0.000000000000000000e+00 0.000000000000000000e+00
0.000000000000000000e+00 0.000000000000000000e+00
0.000000000000000000e+00 0.000000000000000000e+00
0.000000000000000000e+00 0.000000000000000000e+00
0.000000000000000000e+00 0.000000000000000000e+00
0.000000000000000000e+00 0.000000000000000000e+00
0.000000000000000000e+00 0.000000000000000000e+00
0.000000000000000000e+00 0.000000000000000000e+00
0.000000000000000000e+00 0.000000000000000000e+00
0.000000000000000000e+00 0.000000000000000000e+00
0.000000000000000000e+00 0.000000000000000000e+00
0.000000000000000000e+00 0.000000000000000000e+00
0.000000000000000000e+00 0.000000000000000000e+00
0.000000000000000000e+00 0.000000000000000000e+00
0.000000000000000000e+00 0.000000000000000000e+00
0.000000000000000000e+00 0.000000000000000000e+00
0.000000000000000000e+00 0.000000000000000000e+00
0.000000000000000000e+00 0.000000000000000000e+00
0.000000000000000000e+00 0.000000000000000000e+00
0.000000000000000000e+00 0.000000000000000000e+00
0.000000000000000000e+00 0.000000000000000000e+00
0.000000000000000000e+00 0.000000000000000000e+00
0.000000000000000000e+00 0.000000000000000000e+00
0.000000000000000000e+00 0.000000000000000000e+00
0.000000000000000000e+00 0.000000000000000000e+00
0.000000000000000000e+00 0.000000000000000000e+00
0.000000000000000000e+00 0.000000000000000000e+00
0.000000000000000000e+00 0.000000000000000000e+00
0.000000000000000000e+00 0.000000000000000000e+00
0.000000000000000000e+00 0.000000000000000000e+00
0.000000000000000000e+00 0.000000000000000000e+00
0.000000000000000000e+00 0.000000000000000000e+00
0.000000000000000000e+00 0.000000000000000000e+00
0.000000000000000000e+00 0.000000000000000000e+00
0.000000000000000000e+00 0.000000000000000000e+00
0.000000000000000000e+00 0.000000000000000000e+00
0.000000000000000000e+00 0.000000000000000000e+00
0.000000000000000000e+00 0.000000000000000000e+00
0.000000000000000000e+00 0.000000000000000000e+00
0.000000000000000000e+00 0.000000000000000000e+00
0.000000000000000000e+00 0.000000000000000000e+00
0.000000000000000000e+00 0.000000000000000000e+00
0.000000000000000000e+00 0.000000000000000000e+00
0.000000000000000000e+00 0.000000000000000000e+00
0.000000000000000000e+00 0.000000000000000000e+00
0.000000000000000000e+00 0.000000000000000000e+00
0.000000000000000000e+00 0.000000000000000000e+00
0.000000000000000000e+00 0.000000000000000000e+00
0.000000000000000000e+00 0.000000000000000000e+00
0.000000000000000000e+00 0.000000000000000000e+00
0.000000000000000000e+00 0.000000000000000000e+00
0.000000000000000000e+00 0.000000000000000000e+00
0.000000000000000000e+00 0.000000000000000000e+00
0.000000000000000000e+00 0.000000000000000000e+00
0.000000000000000000e+00 0.000000000000000000e+00
0.000000000000000000e+00 0.000000000000000000e+00
0.000000000000000000e+00 0.000000000000000000e+00
0.000000000000000000e+00 0.000000000000000000e+00
0.000000000000000000e+00 0.000000000000000000e+00
0.000000000000000000e+00 0.000000000000000000e+00
0.000000000000000000e+00 0.000000000000000000e+00
0.000000000000000000e+00 0.000000000000000000e+00
0.000000000000000000e+00 0.000000000000000000e+00
0.000000000000000000e+00 0.000000000000000000e+00
0.000000000000000000e+00 0.000000000000000000e+00
0.000000000000000000e+00 0.000000000000000000e+00
0.000000000000000000e+00 0.000000000000000000e+00
0.000000000000000000e+00 0.000000000000000000e+00
0.000000000000000000e+00 0.000000000000000000e+00
0.000000000000000000e+00 0.000000000000000000e+00
0.000000000000000000e+00 0.000000000000000000e+00
0.000000000000000000e+00 0.000000000000000000e+00
0.000000000000000000e+00 0.000000000000000000e+00
0.000000000000000000e+00 0.000000000000000000e+00
0.000000000000000000e+00 0.000000000000000000e+00
0.000000000000000000e+00 0.000000000000000000e+00
0.000000000000000000e+00 0.000000000000000000e+00
0.000000000000000000e+00 0.000000000000000000e+00
0.000000000000000000e+00 0.000000000000000000e+00
0.000000000000000000e+00 0.000000000000000000e+00
0.000000000000000000e+00 0.000000000000000000e+00
0.000000000000000000e+00 0.000000000000000000e+00
0.000000000000000000e+00 0.000000000000000000e+00
0.000000000000000000e+00 0.000000000000000000e+00
0.000000000000000000e+00 0.000000000000000000e+00
0.000000000000000000e+00 0.000000000000000000e+00
0.000000000000000000e+00 0.000000000000000000e+00
0.000000000000000000e+00 0.000000000000000000e+00
0.000000000000000000e+00 0.000000000000000000e+00
0.000000000000000000e+00 0.000000000000000000e+00
0.000000000000000000e+00 0.000000000000000000e+00
0.000000000000000000e+00 0.000000000000000000e+00
0.000000000000000000e+00 0.000000000000000000e+00
0.000000000000000000e+00 0.000000000000000000e+00
0.000000000000000000e+00 0.000000000000000000e+00
0.000000000000000000e+00 0.000000000000000000e+00
0.000000000000000000e+00 0.000000000000000000e+00
0.000000000000000000e+00 0.000000000000000000e+00
0.000000000000000000e+00 0.000000000000000000e+00
0.000000000000000000e+00 0.000000000000000000e+00
0.000000000000000000e+00 0.000000000000000000e+00
0.000000000000000000e+00 0.000000000000000000e+00
0.000000000000000000e+00 0.000000000000000000e+00
0.000000000000000000e+00 0.000000000000000000e+00
0.000000000000000000e+00 0.000000000000000000e+00
0.000000000000000000e+00 0.000000000000000000e+00
0.000000000000000000e+00 0.000000000000000000e+00
0.000000000000000000e+00 0.000000000000000000e+00
0.000000000000000000e+00 0.000000000000000000e+00
0.000000000000000000e+00 0.000000000000000000e+00
0.000000000000000000e+00 0.000000000000000000e+00
0.000000000000000000e+00 0.000000000000000000e+00
0.000000000000000000e+00 0.000000000000000000e+00
0.000000000000000000e+00 0.000000000000000000e+00
0.000000000000000000e+00 0.000000000000000000e+00
0.000000000000000000e+00 0.000000000000000000e+00
0.000000000000000000e+00 0.000000000000000000e+00
0.000000000000000000e+00 0.000000000000000000e+00
0.000000000000000000e+00 0.000000000000000000e+00
0.000000000000000000e+00 0.000000000000000000e+00
0.000000000000000000e+00 0.000000000000000000e+00
0.000000000000000000e+00 0.000000000000000000e+00
0.000000000000000000e+00 0.000000000000000000e+00
0.000000000000000000e+00 0.000000000000000000e+00
0.000000000000000000e+00 0.000000000000000000e+00
0.000000000000000000e+00 0.000000000000000000e+00
0.000000000000000000e+00 0.000000000000000000e+00
0.000000000000000000e+00 0.000000000000000000e+00
0.000000000000000000e+00 0.000000000000000000e+00
0.000000000000000000e+00 0.000000000000000000e+00
0.000000000000000000e+00 0.000000000000000000e+00
0.000000000000000000e+00 0.000000000000000000e+00
0.000000000000000000e+00 0.000000000000000000e+00
0.000000000000000000e+00 0.000000000000000000e+00
0.000000000000000000e+00 0.000000000000000000e+00
0.000000000000000000e+00 0.000000000000000000e+00
0.000000000000000000e+00 0.000000000000000000e+00
0.000000000000000000e+00 0.000000000000000000e+00
0.000000000000000000e+00 0.000000000000000000e+00
0.000000000000000000e+00 0.000000000000000000e+00
0.000000000000000000e+00 0.000000000000000000e+00
0.000000000000000000e+00 0.000000000000000000e+00
0.000000000000000000e+00 0.000000000000000000e+00
0.000000000000000000e+00 0.000000000000000000e+00
0.000000000000000000e+00 0.000000000000000000e+00
0.000000000000000000e+00 0.000000000000000000e+00
0.000000000000000000e+00 0.000000000000000000e+00
