0.000000000000000000e+00 0.000000000000000000e+00 0.000000000000000000e+00 0.000000000000000000e+00
2.000000000000000042e-03 5.694669885990121406e-04 1.087483773918484460e-07 5.695757369764039560e-04
4.000000000000000083e-03 2.193395058001590403e-03 1.574355417086470068e-06 2.194969413418677070e-03
6.000000000000000125e-03 4.739200647675555385e-03 7.188297822953882130e-06 4.746388945498509170e-03
8.000000000000000167e-03 8.097431802255881939e-03 2.056336218257385186e-05 8.117995164438455286e-03
1.000000000000000021e-02 1.217665484462901807e-02 4.564185927940930348e-05 1.222229670390842689e-02
1.200000000000000025e-02 1.689947283780766918e-02 8.641566979726157780e-05 1.698588850760493138e-02
1.400000000000000029e-02 2.219965628638760277e-02 1.467681095171302836e-04 2.234642439590473276e-02
1.600000000000000033e-02 2.801999719508767653e-02 2.303873096159161319e-04 2.825038450470359133e-02
1.800000000000000211e-02 3.431067312174131828e-02 3.407221881892948307e-04 3.465139530993061046e-02
2.000000000000000042e-02 4.102797920734927578e-02 4.809639554369232587e-04 4.150894316278620072e-02
2.199999999999999872e-02 4.813333089394355307e-02 6.540428886424996162e-04 4.878737378258605345e-02
2.400000000000000050e-02 5.559246921273310743e-02 8.626341050842839748e-04 5.645510331781739000e-02
2.600000000000000228e-02 6.337482001568756074e-02 1.109168458749984400e-03 6.448398847443755078e-02
2.800000000000000058e-02 7.145297182771416511e-02 1.395846153697610477e-03 7.284881798141178144e-02
2.999999999999999889e-02 7.980224625475204614e-02 1.724651577478474767e-03 8.152689783223052156e-02
3.200000000000000067e-02 8.840034143670298661e-02 2.097368432293053413e-03 9.049770986899603742e-02
3.400000000000000244e-02 9.722703375213465060e-02 2.515594602267346575e-03 9.974262835440199371e-02
3.600000000000000422e-02 1.062639264208981305e-01 2.980756429328589377e-03 1.092446828502267181e-01
3.799999999999999906e-02 1.154942361975177245e-01 3.494122216683259122e-03 1.189883584142009815e-01
4.000000000000000083e-02 1.249026112635085173e-01 4.056814863463195642e-03 1.289594261269716990e-01
4.200000000000000261e-02 1.344749747988656097e-01 4.669823663898117067e-03 1.391447984627637302e-01
4.399999999999999745e-02 1.441983900270541186e-01 5.334015132701425480e-03 1.495324051597555493e-01
4.599999999999999922e-02 1.540609430322672779e-01 6.050143083516489745e-03 1.601110861157837573e-01
4.800000000000000100e-02 1.640516406576403852e-01 6.818857862867045393e-03 1.708704985205074245e-01
5.000000000000000278e-02 1.741603211119248651e-01 7.640714843639886955e-03 1.818010359555647382e-01
5.200000000000000455e-02 1.843775753885331103e-01 8.516182226843532418e-03 1.928937576153766376e-01
5.399999999999999939e-02 1.946946779279300765e-01 9.445648201605870084e-03 2.041403261295359484e-01
5.600000000000000117e-02 2.051035252108402984e-01 1.042942752101036485e-02 2.155329527318506633e-01
5.800000000000000294e-02 2.155965812207129295e-01 1.146776751241357188e-02 2.270643487331265031e-01
5.999999999999999778e-02 2.261668287822160561e-01 1.256085364298597205e-02 2.387276824252020369e-01
6.199999999999999956e-02 2.368077261041543757e-01 1.370881458320750458e-02 2.505165406873618994e-01
6.400000000000000133e-02 2.475131677919849005e-01 1.491172688206838723e-02 2.624248946740532773e-01
6.600000000000000311e-02 2.582774498067090807e-01 1.616961925682112652e-02 2.744470690635302246e-01
6.800000000000000488e-02 2.690952378775065545e-01 1.748247654374120511e-02 2.865777144212477423e-01
7.000000000000000666e-02 2.799615389692683420e-01 1.885024332806336037e-02 2.988117822973316851e-01
7.200000000000000844e-02 2.908716754433915419e-01 2.027282728877525045e-02 3.111445027321668166e-01
7.399999999999999634e-02 3.018212616006380467e-01 2.175010228812404231e-02 3.235713638887620647e-01
7.599999999999999811e-02 3.128061823910986972e-01 2.328191117821871992e-02 3.360880935693174032e-01
7.799999999999999989e-02 3.238225739342911469e-01 2.486806847045866173e-02 3.486906424047497843e-01
8.000000000000000167e-02 3.348668058338589160e-01 2.650836270195806171e-02 3.613751685358169707e-01
8.200000000000000344e-02 3.459354648732588799e-01 2.820255875094890979e-02 3.741380236242077828e-01
8.400000000000000522e-02 3.570253402650298002e-01 2.995039978848654597e-02 3.869757400535163705e-01
8.600000000000000699e-02 3.681334099427240880e-01 3.175160925909084608e-02 3.998850192018149619e-01
8.799999999999999489e-02 3.792568280453466611e-01 3.360589262617822565e-02 4.128627206715249076e-01
8.999999999999999667e-02 3.903929133819905584e-01 3.551293900426064076e-02 4.259058523862512269e-01
9.199999999999999845e-02 4.015391387992312544e-01 3.747242266939184580e-02 4.390115614686230794e-01
9.400000000000000022e-02 4.126931213658562858e-01 3.948400445894412192e-02 4.521771258248004077e-01
9.600000000000000200e-02 4.238526133020052988e-01 4.154733306751548505e-02 4.653999463695207561e-01
9.800000000000000377e-02 4.350154935841801240e-01 4.366204624840518828e-02 4.786775398325853192e-01
1.000000000000000056e-01 4.461797601668921476e-01 4.582777192737372968e-02 4.920075320942658981e-01
1.020000000000000073e-01 4.573435227684617965e-01 4.804412923407673508e-02 5.053876520025385455e-01
1.040000000000000091e-01 4.685049961643734662e-01 5.031072946562106102e-02 5.188157256299945619e-01
1.059999999999999970e-01 4.796624939657696540e-01 5.262717696688889307e-02 5.322896709326585540e-01
1.079999999999999988e-01 4.908144228141135823e-01 5.499306996247752682e-02 5.458074927765911299e-01
1.100000000000000006e-01 5.019592769869312132e-01 5.740800131483532465e-02 5.593672783017665795e-01
1.120000000000000023e-01 5.130956333523810642e-01 5.987155924295269049e-02 5.729671925953337963e-01
1.140000000000000041e-01 5.242221466698454568e-01 6.238332797992680173e-02 5.866054746497723071e-01
1.160000000000000059e-01 5.353375452113979804e-01 6.494288837125512803e-02 6.002804335826531501e-01
1.180000000000000077e-01 5.464406266328140083e-01 6.754981846507163157e-02 6.139904450978856953e-01
1.199999999999999956e-01 5.575302541452360483e-01 7.020369402467335762e-02 6.277339481699093504e-01
1.219999999999999973e-01 5.686053529123678008e-01 7.290408902112863188e-02 6.415094419334964604e-01
1.239999999999999991e-01 5.796649066769627989e-01 7.565057608711883708e-02 6.553154827640816915e-01
1.260000000000000009e-01 5.907079545965113754e-01 7.844272693784236361e-02 6.691506815343537529e-01
1.280000000000000027e-01 6.017335882729157870e-01 8.128011276141226815e-02 6.830137010343280135e-01
1.300000000000000044e-01 6.127409489625456063e-01 8.416230458056055130e-02 6.969032535431061159e-01
1.320000000000000062e-01 6.237292249536122712e-01 8.708887358797859357e-02 7.108180985415908371e-01
1.340000000000000080e-01 6.346976491014447719e-01 9.005939145476545005e-02 7.247570405562102636e-01
1.360000000000000098e-01 6.456454964701334731e-01 9.307343065454240505e-02 7.387189271246759059e-01
1.380000000000000115e-01 6.565720822731885287e-01 9.613056460206856335e-02 7.527026468752571198e-01
1.400000000000000133e-01 6.674767596324102659e-01 9.923036808111584950e-02 7.667071277135261154e-01
1.420000000000000151e-01 6.783589177519167013e-01 1.023724173526686237e-01 7.807313351045853667e-01
1.440000000000000169e-01 6.892179800581472726e-01 1.055562903934109259e-01 7.947742704515582401e-01
1.459999999999999909e-01 7.000534024684990086e-01 1.087815670900978970e-01 8.088349695585969057e-01
1.479999999999999927e-01 7.108646717603754883e-01 1.120478294147992521e-01 8.229125011751747820e-01
1.499999999999999944e-01 7.216513040240983834e-01 1.153546615920632429e-01 8.370059656161615846e-01
1.519999999999999962e-01 7.324128432063363725e-01 1.187016502467057172e-01 8.511144934530421313e-01
1.539999999999999980e-01 7.431488597240749616e-01 1.220883845475965457e-01 8.652372442716714795e-01
1.559999999999999998e-01 7.538589491802949460e-01 1.255144563122816970e-01 8.793734054925765875e-01
1.580000000000000016e-01 7.645427311062384934e-01 1.289794601442561806e-01 8.935221912504947017e-01
1.600000000000000033e-01 7.751998477717750857e-01 1.324829935567694572e-01 9.076828413285444874e-01
1.620000000000000051e-01 7.858299631311710387e-01 1.360246570126330545e-01 9.218546201438040377e-01
1.640000000000000069e-01 7.964327617321632635e-01 1.396040540522900386e-01 9.360368157844533021e-01
1.660000000000000087e-01 8.070079477544405133e-01 1.432207913355950379e-01 9.502287390900355790e-01
1.680000000000000104e-01 8.175552439583297915e-01 1.468744788188910411e-01 9.644297227772208325e-01
1.700000000000000122e-01 8.280743909605351449e-01 1.505647296434100557e-01 9.786391206039452006e-01
1.720000000000000140e-01 8.385651462486269914e-01 1.542911603282492716e-01 9.928563065768762907e-01
1.740000000000000158e-01 8.490272834067137397e-01 1.580533907841211172e-01 1.007080674190834912e+00
1.759999999999999898e-01 8.594605913951068876e-01 1.618510443096889406e-01 1.021311635704795773e+00
1.779999999999999916e-01 8.698648737717139534e-01 1.656837476797187181e-01 1.035548621451432671e+00
1.799999999999999933e-01 8.802399479313601782e-01 1.695511312444514807e-01 1.049791079175811603e+00
1.819999999999999951e-01 8.905856446120481440e-01 1.734528287894750720e-01 1.064038473401523133e+00
1.839999999999999969e-01 9.009018071482406409e-01 1.773884776838918209e-01 1.078290284832132517e+00
1.859999999999999987e-01 9.111882909044951573e-01 1.813577188657164163e-01 1.092546009770211546e+00
1.880000000000000004e-01 9.214449627077638816e-01 1.853601968579929316e-01 1.106805159565756869e+00
1.900000000000000022e-01 9.316717003068739622e-01 1.893955597804376778e-01 1.121067260087311723e+00
1.920000000000000040e-01 9.418683918583669046e-01 1.934634593571359362e-01 1.135331851215502841e+00
1.940000000000000058e-01 9.520349354357283689e-01 1.975635509222002373e-01 1.149598486357928717e+00
1.960000000000000075e-01 9.621712385650896815e-01 2.016954934190077486e-01 1.163866731984097402e+00
1.980000000000000093e-01 9.722772177748345568e-01 2.058589494049902768e-01 1.178136167179824945e+00
2.000000000000000111e-01 9.823527981807536058e-01 2.100535850389061987e-01 1.192406383219659860e+00
2.020000000000000129e-01 9.923979130726182651e-01 2.142790700842902296e-01 1.206676983156908411e+00
2.040000000000000147e-01 1.002412503536509902e+00 2.185350778935674365e-01 1.220947581430077422e+00
2.060000000000000164e-01 1.012396518084995201e+00 2.228212854000231058e-01 1.235217803485018306e+00
2.080000000000000182e-01 1.022349912305455577e+00 2.271373731068065671e-01 1.249487285412262061e+00
2.099999999999999922e-01 1.032272648527653658e+00 2.314830250708342363e-01 1.263755673598487839e+00
2.119999999999999940e-01 1.042164695504406158e+00 2.358579288872627022e-01 1.278022624391668804e+00
2.139999999999999958e-01 1.052026028107835964e+00 2.402617756714513775e-01 1.292287803779287314e+00
2.159999999999999976e-01 1.061856627038426648e+00 2.446942600403858858e-01 1.306550887078812506e+00
2.179999999999999993e-01 1.071656478548063784e+00 2.491550800920802611e-01 1.320811558640144101e+00
2.200000000000000011e-01 1.081425574161519965e+00 2.536439373978006673e-01 1.335069511559320521e+00
2.220000000000000029e-01 1.091163910479514554e+00 2.581605369233229141e-01 1.349324447402837412e+00
2.240000000000000047e-01 1.100871488854341385e+00 2.627045870886440260e-01 1.363576075942985355e+00
2.260000000000000064e-01 1.110548315213650827e+00 2.672757996881001685e-01 1.377824114901750940e+00
2.280000000000000082e-01 1.120194399824608444e+00 2.718738898808168991e-01 1.392068289705425288e+00
2.300000000000000100e-01 1.129809757094655920e+00 2.764985761528592212e-01 1.406308333247515030e+00
2.320000000000000118e-01 1.139394405353941764e+00 2.811495803067154964e-01 1.420543985660657205e+00
2.340000000000000135e-01 1.148948366672965404e+00 2.858266274233774995e-01 1.434774994096343015e+00
2.360000000000000153e-01 1.158471666677768797e+00 2.905294458352510878e-01 1.449001112513019773e+00
2.380000000000000171e-01 1.167964334373178481e+00 2.952577670983002056e-01 1.463222101471478798e+00
2.399999999999999911e-01 1.177426401976277459e+00 3.000113259613222949e-01 1.477437727937599643e+00
2.419999999999999929e-01 1.186857904754848425e+00 3.047898603371342330e-01 1.491647765091982603e+00
2.439999999999999947e-01 1.196258880875650910e+00 3.095931112706954424e-01 1.505851992146346241e+00
2.459999999999999964e-01 1.205629371255547477e+00 3.144208229106417729e-01 1.520050194166189250e+00
2.479999999999999982e-01 1.214969419422889052e+00 3.192727424767973776e-01 1.534242161899686430e+00
2.500000000000000000e-01 1.224279071388949980e+00 3.241486202234650227e-01 1.548427691612415114e+00
2.520000000000000018e-01 1.233558375495885651e+00 3.290482094318878392e-01 1.562606584927773490e+00
2.540000000000000036e-01 1.242807382329470078e+00 3.339712663431099737e-01 1.576778648672580108e+00
2.560000000000000053e-01 1.252026144578649802e+00 3.389175501497297960e-01 1.590943694728379487e+00
2.580000000000000071e-01 1.261214716928716673e+00 3.438868229585466674e-01 1.605101539887263229e+00
2.600000000000000089e-01 1.270373155954050315e+00 3.488788497586000625e-01 1.619252005712650266e+00
2.620000000000000107e-01 1.279501520015470462e+00 3.538933983892836865e-01 1.633394918404754037e+00
2.640000000000000124e-01 1.288599869162394329e+00 3.589302395080626318e-01 1.647530108670457016e+00
2.660000000000000142e-01 1.297668265037118740e+00 3.639891465602121401e-01 1.661657411597330825e+00
2.680000000000000160e-01 1.306706770787339211e+00 3.690698957445472939e-01 1.675776666531886505e+00
2.700000000000000178e-01 1.315715450966331801e+00 3.741722659954451191e-01 1.689887716961776976e+00
2.720000000000000195e-01 1.324694371495235945e+00 3.792960389065452853e-01 1.703990410401781119e+00
2.740000000000000213e-01 1.333643599528512080e+00 3.844409987545368557e-01 1.718084598283049047e+00
2.760000000000000231e-01 1.342563203401539562e+00 3.896069324452995919e-01 1.732170135846839099e+00
2.780000000000000249e-01 1.351453252563326712e+00 3.947936294772338428e-01 1.746246882040560555e+00
2.800000000000000266e-01 1.360313817464080977e+00 4.000008819535110227e-01 1.760314699417591999e+00
2.820000000000000284e-01 1.369144969615941454e+00 4.052284844244284367e-01 1.774373454040369946e+00
2.840000000000000302e-01 1.377946781410993804e+00 4.104762339749016831e-01 1.788423015385895543e+00
2.860000000000000320e-01 1.386719326044778322e+00 4.157439302107260870e-01 1.802463256255504298e+00
2.880000000000000338e-01 1.395462677533790163e+00 4.210313751514890845e-01 1.816494052685279303e+00
2.899999999999999800e-01 1.404176910630790642e+00 4.263383732303668849e-01 1.830515283861157583e+00
2.919999999999999818e-01 1.412862100771885787e+00 4.316647312638755563e-01 1.844526832035761288e+00
2.939999999999999836e-01 1.421518324025468960e+00 4.370102584223354292e-01 1.858528582447804389e+00
2.959999999999999853e-01 1.430145657043359275e+00 4.423747662006231596e-01 1.872520423243982490e+00
2.979999999999999871e-01 1.438744177014014358e+00 4.477580683892293245e-01 1.886502245403243627e+00
2.999999999999999889e-01 1.447313961617587630e+00 4.531599810456582444e-01 1.900473942663245985e+00
3.019999999999999907e-01 1.455855088982836776e+00 4.585803224661467170e-01 1.914435411448983437e+00
3.039999999999999925e-01 1.464367637684453216e+00 4.640189131191214678e-01 1.928386550803574684e+00
3.059999999999999942e-01 1.472851686540020300e+00 4.694755757813430241e-01 1.942327262321363435e+00
3.079999999999999960e-01 1.481307314834583444e+00 4.749501352464443049e-01 1.956257450081027693e+00
3.099999999999999978e-01 1.489734602092901206e+00 4.804424184918421048e-01 1.970177020584743310e+00
3.119999999999999996e-01 1.498133628083300195e+00 4.859522546114103392e-01 1.984085882694710534e+00
3.140000000000000013e-01 1.506504472833950281e+00 4.914794747396342700e-01 1.997983947573584551e+00
3.160000000000000031e-01 1.514847216530466945e+00 4.970239120966911117e-01 2.011871128627158001e+00
3.180000000000000049e-01 1.523161939528164144e+00 5.025854019183064736e-01 2.025747341446470617e+00
3.200000000000000067e-01 1.531448722310008614e+00 5.081637814436025247e-01 2.039612503753611250e+00
3.220000000000000084e-01 1.539707645456625640e+00 5.137588898913338920e-01 2.053466535347959532e+00
3.240000000000000102e-01 1.547938789616617683e+00 5.193705684375035103e-01 2.067309358054121304e+00
3.260000000000000120e-01 1.556142235480414193e+00 5.249986601906824202e-01 2.081140895671096835e+00
3.280000000000000138e-01 1.564318063748722398e+00 5.306430101742162231e-01 2.094961073922938510e+00
3.300000000000000155e-01 1.572466355104433333e+00 5.363034653059840506e-01 2.108769820410417495e+00
3.320000000000000173e-01 1.580587190195579472e+00 5.419798743686086162e-01 2.122567064564187866e+00
3.340000000000000191e-01 1.588680649592211225e+00 5.476720880065494290e-01 2.136352737598760765e+00
3.360000000000000209e-01 1.596746813769389428e+00 5.533799586983906282e-01 2.150126772467780167e+00
3.380000000000000226e-01 1.604785763068078852e+00 5.591033407520864529e-01 2.163889103820165083e+00
3.400000000000000244e-01 1.612797577694792484e+00 5.648420902623744189e-01 2.177639667957167013e+00
3.420000000000000262e-01 1.620782337678027041e+00 5.705960651123180849e-01 2.191378402790345348e+00
3.440000000000000280e-01 1.628740122813248536e+00 5.763651249876642346e-01 2.205105247800912771e+00
3.460000000000000298e-01 1.636671012662169966e+00 5.821491313357252118e-01 2.218820143997895400e+00
3.480000000000000315e-01 1.644575086516753437e+00 5.879479473623714370e-01 2.232523033879124874e+00
3.500000000000000333e-01 1.652452423356099098e+00 5.937614380354596655e-01 2.246213861391558986e+00
3.519999999999999796e-01 1.660303101816640314e+00 5.995894700754984541e-01 2.259892571892138768e+00
3.539999999999999813e-01 1.668127200149472245e+00 6.054319119595398258e-01 2.273559112109011959e+00
3.559999999999999831e-01 1.675924796171399889e+00 6.112886339313742257e-01 2.287213430102774225e+00
3.579999999999999849e-01 1.683695967225770307e+00 6.171595080019915969e-01 2.300855475227761904e+00
3.599999999999999867e-01 1.691440790172574316e+00 6.230444079204511265e-01 2.314485198093025442e+00
3.619999999999999885e-01 1.699159341149250713e+00 6.289432093735178864e-01 2.328102550522768599e+00
3.639999999999999902e-01 1.706851695764653343e+00 6.348557897518914972e-01 2.341707485516544729e+00
3.659999999999999920e-01 1.714517928851489792e+00 6.407820283560383690e-01 2.355299957207527939e+00
3.679999999999999938e-01 1.722158114425364150e+00 6.467218063948112494e-01 2.368879920820175400e+00
3.699999999999999956e-01 1.729772325582589865e+00 6.526750070433543494e-01 2.382447332625944103e+00
3.719999999999999973e-01 1.737360634386832636e+00 6.586415155094802465e-01 2.396002149896312883e+00
3.739999999999999991e-01 1.744923111739873134e+00 6.646212191134965863e-01 2.409544330853369942e+00
3.760000000000000009e-01 1.752459827224235989e+00 6.706140073921459388e-01 2.423073834616381816e+00
3.780000000000000027e-01 1.759970848927489673e+00 6.766197722164625228e-01 2.436590621143952085e+00
3.800000000000000044e-01 1.767456243233000546e+00 6.826384079376524028e-01 2.450094651170652948e+00
3.820000000000000062e-01 1.774916074574435898e+00 6.886698115621686656e-01 2.463585886136604675e+00
3.840000000000000080e-01 1.782350405148082295e+00 6.947138829605782329e-01 2.477064288108660417e+00
3.860000000000000098e-01 1.789759294571925397e+00 7.007705251193074858e-01 2.490529819691232660e+00
3.880000000000000115e-01 1.797142799482533526e+00 7.068396444417336388e-01 2.503982443924267276e+00
3.900000000000000133e-01 1.804500973055024327e+00 7.129211511105606469e-01 2.517422124165585195e+00
3.920000000000000151e-01 1.811833864440443254e+00 7.190149595137961258e-01 2.530848823954239268e+00
3.940000000000000169e-01 1.819141518070479524e+00 7.251209887793781395e-01 2.544262506849857886e+00
3.960000000000000187e-01 1.826423972860327982e+00 7.312391633831503146e-01 2.557663136243478519e+00
3.980000000000000204e-01 1.833681261223087278e+00 7.373694139093436295e-01 2.571050675132430907e+00
4.000000000000000222e-01 1.840913407889727349e+00 7.435116779612352955e-01 2.584425085850962756e+00
4.020000000000000240e-01 1.848120428529227643e+00 7.496659012174626824e-01 2.597786329746690548e+00
4.040000000000000258e-01 1.855302327983074928e+00 7.558320388062488293e-01 2.611134366789323646e+00
4.060000000000000275e-01 1.862459098212317254e+00 7.620100568830984189e-01 2.624469155095415562e+00
4.080000000000000293e-01 1.869590715796484393e+00 7.681999345525842848e-01 2.637790650349068677e+00
4.100000000000000311e-01 1.876697138948336008e+00 7.744016661432117088e-01 2.651098805091547828e+00
4.120000000000000329e-01 1.883778303552285482e+00 7.806152642978883005e-01 2.664393567850173561e+00
4.140000000000000346e-01 1.890834118758849547e+00 7.868407633005459756e-01 2.677674882059395411e+00
4.160000000000000364e-01 1.897864461309183515e+00 7.930782234185919100e-01 2.690942684727775536e+00
4.179999999999999827e-01 1.904869168605260565e+00 7.993277361741113474e-01 2.704196904779371913e+00
4.199999999999999845e-01 1.911848030173747492e+00 8.055894308115265634e-01 2.717437460985274278e+00
4.219999999999999862e-01 1.918800777072224184e+00 8.118634823029620140e-01 2.730664259375186198e+00
4.239999999999999880e-01 1.925727068763760208e+00 8.181501212219816077e-01 2.743877189985741705e+00
4.259999999999999898e-01 1.932626476768261048e+00 8.244496459950976242e-01 2.757076122763358672e+00
4.279999999999999916e-01 1.939498464230410280e+00 8.307624381526970136e-01 2.770260902383107293e+00
4.299999999999999933e-01 1.946342360445688202e+00 8.370889812276798292e-01 2.783431341673368031e+00
4.319999999999999951e-01 1.953157328567832529e+00 8.434298846721962617e-01 2.796587213240028902e+00
4.339999999999999969e-01 1.960001430312743542e+00 8.497268452274457928e-01 2.809728275540189557e+00
4.359999999999999987e-01 1.966693867078075364e+00 8.561599725770443481e-01 2.822853839655119934e+00
4.380000000000000004e-01 1.973494562083285775e+00 8.624693859725922618e-01 2.835963948055877815e+00
4.400000000000000022e-01 1.980074155527543400e+00 8.689834376032689045e-01 2.849057593130812194e+00
4.420000000000000040e-01 1.986754253874523979e+00 8.753805357987226587e-01 2.862134789673246527e+00
4.440000000000000058e-01 1.993221524549010804e+00 8.819731118011042703e-01 2.875194636350115296e+00
4.460000000000000075e-01 1.999760039119691690e+00 8.884769623308709230e-01 2.888237001450562502e+00
4.480000000000000093e-01 2.006055823151049466e+00 8.952051124752211653e-01 2.901260935626270410e+00
4.500000000000000111e-01 2.012426511523068839e+00 9.018398646808751806e-01 2.914266376203944020e+00
4.520000000000000129e-01 2.018547104906432299e+00 9.087051300614924498e-01 2.927252234967924860e+00
4.540000000000000147e-01 2.024753572724672157e+00 9.154648230173522139e-01 2.940218395742024260e+00
4.560000000000000164e-01 2.030667986752781484e+00 9.224954001522023272e-01 2.953163386904983589e+00
4.580000000000000182e-01 2.036683450101796744e+00 9.294036047365172859e-01 2.966087054838314252e+00
4.600000000000000200e-01 2.042367711555663323e+00 9.366198868387174414e-01 2.978987598394380765e+00
4.620000000000000218e-01 2.047908526798839279e+00 9.439556881382521469e-01 2.991864214937091315e+00
4.640000000000000235e-01 2.053413106702048463e+00 9.513032401243289859e-01 3.004716346826377560e+00
4.660000000000000253e-01 2.058790106209200665e+00 9.587522023367232027e-01 3.017542308545923646e+00
4.680000000000000271e-01 2.063988084401549905e+00 9.663520872350156443e-01 3.030340171636565660e+00
4.700000000000000289e-01 2.068995534740834863e+00 9.741125417736936631e-01 3.043108076514528637e+00
4.720000000000000306e-01 2.073816191165710698e+00 9.820278199026098997e-01 3.055844011068320487e+00
4.740000000000000324e-01 2.078396625883426552e+00 9.901489135058690882e-01 3.068545539389295751e+00
4.760000000000000342e-01 2.082720283327433641e+00 9.984896678464005859e-01 3.081209951173834227e+00
4.780000000000000360e-01 2.086757087393352084e+00 1.007077102371692012e+00 3.093834189765043874e+00
4.799999999999999822e-01 2.090526261614017223e+00 1.015888435308367921e+00 3.106414696922385144e+00
4.819999999999999840e-01 2.093922911913699725e+00 1.025024081869629677e+00 3.118946993783329624e+00
4.839999999999999858e-01 2.096942229407974256e+00 1.034483726956687777e+00 3.131425956364662255e+00
4.859999999999999876e-01 2.099540771967593145e+00 1.044304656053723912e+00 3.143845428021316835e+00
4.879999999999999893e-01 2.101667256879016676e+00 1.054530505563364473e+00 3.156197762442380927e+00
4.899999999999999911e-01 2.103262699264243363e+00 1.065210986454127928e+00 3.168473685718371513e+00
4.919999999999999929e-01 2.104262557589069882e+00 1.076399287360980672e+00 3.180661844950050554e+00
4.939999999999999947e-01 2.104609099720173848e+00 1.088139352763213941e+00 3.192748452483387567e+00
4.959999999999999964e-01 2.104242763578142217e+00 1.100474100617231610e+00 3.204716864195373827e+00
4.979999999999999982e-01 2.103079170937412368e+00 1.113467542460341297e+00 3.216546713397753443e+00
5.000000000000000000e-01 2.101101421597828978e+00 1.127112191045441358e+00 3.228213612643270558e+00
5.020000000000000018e-01 2.098314084419725667e+00 1.141376293288851373e+00 3.239690377708576818e+00
5.040000000000000036e-01 2.069989097462864081e+00 1.179156435750661869e+00 3.249145533213526171e+00
5.060000000000000053e-01 2.056979683570712591e+00 1.202572781518731926e+00 3.259552465089444517e+00
5.080000000000000071e-01 2.044221990640762598e+00 1.225734279231777135e+00 3.269956269872539956e+00
5.100000000000000089e-01 2.042078906857293763e+00 1.238865978746609642e+00 3.280944885603903405e+00
5.120000000000000107e-01 2.039178193886727275e+00 1.252741971671277543e+00 3.291920165558004818e+00
5.140000000000000124e-01 2.035649838574132175e+00 1.267157880842084028e+00 3.302807719416215981e+00
5.160000000000000142e-01 2.031562244920479099e+00 1.282036948286063627e+00 3.313599193206542726e+00
5.180000000000000160e-01 2.026881529177983587e+00 1.297413624927598930e+00 3.324295154105582739e+00
5.200000000000000178e-01 2.021627291420454942e+00 1.313250683673746755e+00 3.334877975094201474e+00
5.220000000000000195e-01 2.015810569494882465e+00 1.329518241675385903e+00 3.345328811170268146e+00
5.240000000000000213e-01 2.009370938016490360e+00 1.346263895871286698e+00 3.355634833887776836e+00
5.260000000000000231e-01 2.002498328193969446e+00 1.363312832336136093e+00 3.365811160530105539e+00
5.280000000000000249e-01 1.995327909773491060e+00 1.380541880485659956e+00 3.375869790259151237e+00
5.300000000000000266e-01 1.988070704898101670e+00 1.397786589910585686e+00 3.385857294808687357e+00
5.320000000000000284e-01 1.980867776918215473e+00 1.414930485934058346e+00 3.395798262852273819e+00
5.340000000000000302e-01 1.960237162727019422e+00 1.444514116544515892e+00 3.404751279271535314e+00
5.360000000000000320e-01 1.954546664435239833e+00 1.460053130284935552e+00 3.414599794720175385e+00
5.380000000000000338e-01 1.948736441448574386e+00 1.475732707055915860e+00 3.424469148504490246e+00
5.400000000000000355e-01 1.930492078567630054e+00 1.502975688738985571e+00 3.433467767306615848e+00
5.420000000000000373e-01 1.925749471180655314e+00 1.517443516503331535e+00 3.443192987683986850e+00
5.440000000000000391e-01 1.920783476165619286e+00 1.532138117450171366e+00 3.452921593615790652e+00
5.460000000000000409e-01 1.903948095384698336e+00 1.557857310749150681e+00 3.461805406133849239e+00
5.480000000000000426e-01 1.899801923057358621e+00 1.571563059065713031e+00 3.471364982123071652e+00
5.500000000000000444e-01 1.895586976734671358e+00 1.585362644409020749e+00 3.480949621143691886e+00
5.520000000000000462e-01 1.891543726558874816e+00 1.598975562226890190e+00 3.490519288785765006e+00
5.540000000000000480e-01 1.887764861705337305e+00 1.612321143851588978e+00 3.500086005556926061e+00
5.560000000000000497e-01 1.884288810356973487e+00 1.625363942204728351e+00 3.509652752561701838e+00
5.580000000000000515e-01 1.881115577630858127e+00 1.638102659206417178e+00 3.519218236837275526e+00
5.600000000000000533e-01 1.878206464784075269e+00 1.650575394911383276e+00 3.528781859695458323e+00
5.620000000000000551e-01 1.875544571886211154e+00 1.662788957188946926e+00 3.538333529075158079e+00
5.640000000000000568e-01 1.873110378915585850e+00 1.674765926907092028e+00 3.547876305822677878e+00
5.660000000000000586e-01 1.870881298230348211e+00 1.686527302011116669e+00 3.557408600241465102e+00
5.680000000000000604e-01 1.868838207773192206e+00 1.698081689182964871e+00 3.566919896956156855e+00
5.700000000000000622e-01 1.866916139048090395e+00 1.709495287683167275e+00 3.576411426731257670e+00
5.720000000000000639e-01 1.865132175335909803e+00 1.720751274152070076e+00 3.585883449487980101e+00
5.740000000000000657e-01 1.863571088187247149e+00 1.731788480593219326e+00 3.595359568780466475e+00
5.760000000000000675e-01 1.862341434561573417e+00 1.742501112384234885e+00 3.604842546945808301e+00
5.779999999999999583e-01 1.861463634664577205e+00 1.752871199662664026e+00 3.614334834327241452e+00
5.799999999999999600e-01 1.860894649398069367e+00 1.762937696425810330e+00 3.623832345823879919e+00
5.819999999999999618e-01 1.860566549261234437e+00 1.772759844387592043e+00 3.633326393648826702e+00
5.839999999999999636e-01 1.860467717663659037e+00 1.782349637961141653e+00 3.642817355624800690e+00
5.859999999999999654e-01 1.860548512728876558e+00 1.791756922117560435e+00 3.652305434846437215e+00
5.879999999999999671e-01 1.860846494284903008e+00 1.800944122632097022e+00 3.661790616917000030e+00
5.899999999999999689e-01 1.861333139011518201e+00 1.809936077140971156e+00 3.671269216152489356e+00
5.919999999999999707e-01 1.861948167390380604e+00 1.818789703260833335e+00 3.680737870651213939e+00
5.939999999999999725e-01 1.862693762082379800e+00 1.827502316115470649e+00 3.690196078197850227e+00
5.959999999999999742e-01 1.863548245489437205e+00 1.836094515470772404e+00 3.699642760960209387e+00
5.979999999999999760e-01 1.864504097151683082e+00 1.844572351614135464e+00 3.709076448765818768e+00
5.999999999999999778e-01 1.865567194425112652e+00 1.852931678121001458e+00 3.718498872546113887e+00
6.019999999999999796e-01 1.866747428865205727e+00 1.861162250031237919e+00 3.727909678896443424e+00
6.039999999999999813e-01 1.868055853160144331e+00 1.869250831102606369e+00 3.737306684262750700e+00
6.059999999999999831e-01 1.869686626089674952e+00 1.877009289505222389e+00 3.746695915594897563e+00
6.079999999999999849e-01 1.871253130434425760e+00 1.884831742783844133e+00 3.756084873218269671e+00
6.099999999999999867e-01 1.873304499210149521e+00 1.892172173280590286e+00 3.765476672490740029e+00
6.119999999999999885e-01 1.875372445743329175e+00 1.899493899932308771e+00 3.774866345675637724e+00
6.139999999999999902e-01 1.877684750417252690e+00 1.906567080515579438e+00 3.784251830932832128e+00
0.000000000000000000e+00 0.000000000000000000e+00 0.000000000000000000e+00 0.000000000000000000e+00
0.000000000000000000e+00 0.000000000000000000e+00 0.000000000000000000e+00 0.000000000000000000e+00
0.000000000000000000e+00 0.000000000000000000e+00 0.000000000000000000e+00 0.000000000000000000e+00
0.000000000000000000e+00 0.000000000000000000e+00 0.000000000000000000e+00 0.000000000000000000e+00
0.000000000000000000e+00 0.000000000000000000e+00 0.000000000000000000e+00 0.000000000000000000e+00
0.000000000000000000e+00 0.000000000000000000e+00 0.000000000000000000e+00 0.000000000000000000e+00
0.000000000000000000e+00 0.000000000000000000e+00 0.000000000000000000e+00 0.000000000000000000e+00
0.000000000000000000e+00 0.000000000000000000e+00 0.000000000000000000e+00 0.000000000000000000e+00
0.000000000000000000e+00 0.000000000000000000e+00 0.000000000000000000e+00 0.000000000000000000e+00
0.000000000000000000e+00 0.000000000000000000e+00 0.000000000000000000e+00 0.000000000000000000e+00
0.000000000000000000e+00 0.000000000000000000e+00 0.000000000000000000e+00 0.000000000000000000e+00
0.000000000000000000e+00 0.000000000000000000e+00 0.000000000000000000e+00 0.000000000000000000e+00
0.000000000000000000e+00 0.000000000000000000e+00 0.000000000000000000e+00 0.000000000000000000e+00
0.000000000000000000e+00 0.000000000000000000e+00 0.000000000000000000e+00 0.000000000000000000e+00
0.000000000000000000e+00 0.000000000000000000e+00 0.000000000000000000e+00 0.000000000000000000e+00
0.000000000000000000e+00 0.000000000000000000e+00 0.000000000000000000e+00 0.000000000000000000e+00
0.000000000000000000e+00 0.000000000000000000e+00 0.000000000000000000e+00 0.000000000000000000e+00
0.000000000000000000e+00 0.000000000000000000e+00 0.000000000000000000e+00 0.000000000000000000e+00
0.000000000000000000e+00 0.000000000000000000e+00 0.000000000000000000e+00 0.000000000000000000e+00
0.000000000000000000e+00 0.000000000000000000e+00 0.000000000000000000e+00 0.000000000000000000e+00
0.000000000000000000e+00 0.000000000000000000e+00 0.000000000000000000e+00 0.000000000000000000e+00
0.000000000000000000e+00 0.000000000000000000e+00 0.000000000000000000e+00 0.000000000000000000e+00
0.000000000000000000e+00 0.000000000000000000e+00 0.000000000000000000e+00 0.000000000000000000e+00
0.000000000000000000e+00 0.000000000000000000e+00 0.000000000000000000e+00 0.000000000000000000e+00
0.000000000000000000e+00 0.000000000000000000e+00 0.000000000000000000e+00 0.000000000000000000e+00
0.000000000000000000e+00 0.000000000000000000e+00 0.000000000000000000e+00 0.000000000000000000e+00
0.000000000000000000e+00 0.000000000000000000e+00 0.000000000000000000e+00 0.000000000000000000e+00
0.000000000000000000e+00 0.000000000000000000e+00 0.000000000000000000e+00 0.000000000000000000e+00
0.000000000000000000e+00 0.000000000000000000e+00 0.000000000000000000e+00 0.000000000000000000e+00
0.000000000000000000e+00 0.000000000000000000e+00 0.000000000000000000e+00 0.000000000000000000e+00
0.000000000000000000e+00 0.000000000000000000e+00 0.000000000000000000e+00 0.000000000000000000e+00
0.000000000000000000e+00 0.000000000000000000e+00 0.000000000000000000e+00 0.000000000000000000e+00
0.000000000000000000e+00 0.000000000000000000e+00 0.000000000000000000e+00 0.000000000000000000e+00
0.000000000000000000e+00 0.000000000000000000e+00 0.000000000000000000e+00 0.000000000000000000e+00
0.000000000000000000e+00 0.000000000000000000e+00 0.000000000000000000e+00 0.000000000000000000e+00
0.000000000000000000e+00 0.000000000000000000e+00 0.000000000000000000e+00 0.000000000000000000e+00
0.000000000000000000e+00 0.000000000000000000e+00 0.000000000000000000e+00 0.000000000000000000e+00
0.000000000000000000e+00 0.000000000000000000e+00 0.000000000000000000e+00 0.000000000000000000e+00
0.000000000000000000e+00 0.000000000000000000e+00 0.000000000000000000e+00 0.000000000000000000e+00
0.000000000000000000e+00 0.000000000000000000e+00 0.000000000000000000e+00 0.000000000000000000e+00
0.000000000000000000e+00 0.000000000000000000e+00 0.000000000000000000e+00 0.000000000000000000e+00
0.000000000000000000e+00 0.000000000000000000e+00 0.000000000000000000e+00 0.000000000000000000e+00
0.000000000000000000e+00 0.000000000000000000e+00 0.000000000000000000e+00 0.000000000000000000e+00
0.000000000000000000e+00 0.000000000000000000e+00 0.000000000000000000e+00 0.000000000000000000e+00
0.000000000000000000e+00 0.000000000000000000e+00 0.000000000000000000e+00 0.000000000000000000e+00
0.000000000000000000e+00 0.000000000000000000e+00 0.000000000000000000e+00 0.000000000000000000e+00
0.000000000000000000e+00 0.000000000000000000e+00 0.000000000000000000e+00 0.000000000000000000e+00
0.000000000000000000e+00 0.000000000000000000e+00 0.000000000000000000e+00 0.000000000000000000e+00
0.000000000000000000e+00 0.000000000000000000e+00 0.000000000000000000e+00 0.000000000000000000e+00
0.000000000000000000e+00 0.000000000000000000e+00 0.000000000000000000e+00 0.000000000000000000e+00
0.000000000000000000e+00 0.000000000000000000e+00 0.000000000000000000e+00 0.000000000000000000e+00
0.000000000000000000e+00 0.000000000000000000e+00 0.000000000000000000e+00 0.000000000000000000e+00
0.000000000000000000e+00 0.000000000000000000e+00 0.000000000000000000e+00 0.000000000000000000e+00
0.000000000000000000e+00 0.000000000000000000e+00 0.000000000000000000e+00 0.000000000000000000e+00
0.000000000000000000e+00 0.000000000000000000e+00 0.000000000000000000e+00 0.000000000000000000e+00
0.000000000000000000e+00 0.000000000000000000e+00 0.000000000000000000e+00 0.000000000000000000e+00
0.000000000000000000e+00 0.000000000000000000e+00 0.000000000000000000e+00 0.000000000000000000e+00
0.000000000000000000e+00 0.000000000000000000e+00 0.000000000000000000e+00 0.000000000000000000e+00
0.000000000000000000e+00 0.000000000000000000e+00 0.000000000000000000e+00 0.000000000000000000e+00
0.000000000000000000e+00 0.000000000000000000e+00 0.000000000000000000e+00 0.000000000000000000e+00
0.000000000000000000e+00 0.000000000000000000e+00 0.000000000000000000e+00 0.000000000000000000e+00
0.000000000000000000e+00 0.000000000000000000e+00 0.000000000000000000e+00 0.000000000000000000e+00
0.000000000000000000e+00 0.000000000000000000e+00 0.000000000000000000e+00 0.000000000000000000e+00
0.000000000000000000e+00 0.000000000000000000e+00 0.000000000000000000e+00 0.000000000000000000e+00
0.000000000000000000e+00 0.000000000000000000e+00 0.000000000000000000e+00 0.000000000000000000e+00
0.000000000000000000e+00 0.000000000000000000e+00 0.000000000000000000e+00 0.000000000000000000e+00
0.000000000000000000e+00 0.000000000000000000e+00 0.000000000000000000e+00 0.000000000000000000e+00
0.000000000000000000e+00 0.000000000000000000e+00 0.000000000000000000e+00 0.000000000000000000e+00
0.000000000000000000e+00 0.000000000000000000e+00 0.000000000000000000e+00 0.000000000000000000e+00
0.000000000000000000e+00 0.000000000000000000e+00 0.000000000000000000e+00 0.000000000000000000e+00
0.000000000000000000e+00 0.000000000000000000e+00 0.000000000000000000e+00 0.000000000000000000e+00
0.000000000000000000e+00 0.000000000000000000e+00 0.000000000000000000e+00 0.000000000000000000e+00
0.000000000000000000e+00 0.000000000000000000e+00 0.000000000000000000e+00 0.000000000000000000e+00
0.000000000000000000e+00 0.000000000000000000e+00 0.000000000000000000e+00 0.000000000000000000e+00
0.000000000000000000e+00 0.000000000000000000e+00 0.000000000000000000e+00 0.000000000000000000e+00
0.000000000000000000e+00 0.000000000000000000e+00 0.000000000000000000e+00 0.000000000000000000e+00
0.000000000000000000e+00 0.000000000000000000e+00 0.000000000000000000e+00 0.000000000000000000e+00
0.000000000000000000e+00 0.000000000000000000e+00 0.000000000000000000e+00 0.000000000000000000e+00
0.000000000000000000e+00 0.000000000000000000e+00 0.000000000000000000e+00 0.000000000000000000e+00
0.000000000000000000e+00 0.000000000000000000e+00 0.000000000000000000e+00 0.000000000000000000e+00
0.000000000000000000e+00 0.000000000000000000e+00 0.000000000000000000e+00 0.000000000000000000e+00
0.000000000000000000e+00 0.000000000000000000e+00 0.000000000000000000e+00 0.000000000000000000e+00
0.000000000000000000e+00 0.000000000000000000e+00 0.000000000000000000e+00 0.000000000000000000e+00
0.000000000000000000e+00 0.000000000000000000e+00 0.000000000000000000e+00 0.000000000000000000e+00
0.000000000000000000e+00 0.000000000000000000e+00 0.000000000000000000e+00 0.000000000000000000e+00
0.000000000000000000e+00 0.000000000000000000e+00 0.000000000000000000e+00 0.000000000000000000e+00
0.000000000000000000e+00 0.000000000000000000e+00 0.000000000000000000e+00 0.000000000000000000e+00
0.000000000000000000e+00 0.000000000000000000e+00 0.000000000000000000e+00 0.000000000000000000e+00
0.000000000000000000e+00 0.000000000000000000e+00 0.000000000000000000e+00 0.000000000000000000e+00
0.000000000000000000e+00 0.000000000000000000e+00 0.000000000000000000e+00 0.000000000000000000e+00
0.000000000000000000e+00 0.000000000000000000e+00 0.000000000000000000e+00 0.000000000000000000e+00
0.000000000000000000e+00 0.000000000000000000e+00 0.000000000000000000e+00 0.000000000000000000e+00
0.000000000000000000e+00 0.000000000000000000e+00 0.000000000000000000e+00 0.000000000000000000e+00
0.000000000000000000e+00 0.000000000000000000e+00 0.000000000000000000e+00 0.000000000000000000e+00
0.000000000000000000e+00 0.000000000000000000e+00 0.000000000000000000e+00 0.000000000000000000e+00
0.000000000000000000e+00 0.000000000000000000e+00 0.000000000000000000e+00 0.000000000000000000e+00
0.000000000000000000e+00 0.000000000000000000e+00 0.000000000000000000e+00 0.000000000000000000e+00
0.000000000000000000e+00 0.000000000000000000e+00 0.000000000000000000e+00 0.000000000000000000e+00
0.000000000000000000e+00 0.000000000000000000e+00 0.000000000000000000e+00 0.000000000000000000e+00
0.000000000000000000e+00 0.000000000000000000e+00 0.000000000000000000e+00 0.000000000000000000e+00
0.000000000000000000e+00 0.000000000000000000e+00 0.000000000000000000e+00 0.000000000000000000e+00
0.000000000000000000e+00 0.000000000000000000e+00 0.000000000000000000e+00 0.000000000000000000e+00
0.000000000000000000e+00 0.000000000000000000e+00 0.000000000000000000e+00 0.000000000000000000e+00
0.000000000000000000e+00 0.000000000000000000e+00 0.000000000000000000e+00 0.000000000000000000e+00
0.000000000000000000e+00 0.000000000000000000e+00 0.000000000000000000e+00 0.000000000000000000e+00
0.000000000000000000e+00 0.000000000000000000e+00 0.000000000000000000e+00 0.000000000000000000e+00
0.000000000000000000e+00 0.000000000000000000e+00 0.000000000000000000e+00 0.000000000000000000e+00
0.000000000000000000e+00 0.000000000000000000e+00 0.000000000000000000e+00 0.000000000000000000e+00
0.000000000000000000e+00 0.000000000000000000e+00 0.000000000000000000e+00 0.000000000000000000e+00
0.000000000000000000e+00 0.000000000000000000e+00 0.000000000000000000e+00 0.000000000000000000e+00
0.000000000000000000e+00 0.000000000000000000e+00 0.000000000000000000e+00 0.000000000000000000e+00
0.000000000000000000e+00 0.000000000000000000e+00 0.000000000000000000e+00 0.000000000000000000e+00
0.000000000000000000e+00 0.000000000000000000e+00 0.000000000000000000e+00 0.000000000000000000e+00
0.000000000000000000e+00 0.000000000000000000e+00 0.000000000000000000e+00 0.000000000000000000e+00
0.000000000000000000e+00 0.000000000000000000e+00 0.000000000000000000e+00 0.000000000000000000e+00
0.000000000000000000e+00 0.000000000000000000e+00 0.000000000000000000e+00 0.000000000000000000e+00
0.000000000000000000e+00 0.000000000000000000e+00 0.000000000000000000e+00 0.000000000000000000e+00
0.000000000000000000e+00 0.000000000000000000e+00 0.000000000000000000e+00 0.000000000000000000e+00
0.000000000000000000e+00 0.000000000000000000e+00 0.000000000000000000e+00 0.000000000000000000e+00
0.000000000000000000e+00 0.000000000000000000e+00 0.000000000000000000e+00 0.000000000000000000e+00
0.000000000000000000e+00 0.000000000000000000e+00 0.000000000000000000e+00 0.000000000000000000e+00
0.000000000000000000e+00 0.000000000000000000e+00 0.000000000000000000e+00 0.000000000000000000e+00
0.000000000000000000e+00 0.000000000000000000e+00 0.000000000000000000e+00 0.000000000000000000e+00
0.000000000000000000e+00 0.000000000000000000e+00 0.000000000000000000e+00 0.000000000000000000e+00
0.000000000000000000e+00 0.000000000000000000e+00 0.000000000000000000e+00 0.000000000000000000e+00
0.000000000000000000e+00 0.000000000000000000e+00 0.000000000000000000e+00 0.000000000000000000e+00
0.000000000000000000e+00 0.000000000000000000e+00 0.000000000000000000e+00 0.000000000000000000e+00
0.000000000000000000e+00 0.000000000000000000e+00 0.000000000000000000e+00 0.000000000000000000e+00
0.000000000000000000e+00 0.000000000000000000e+00 0.000000000000000000e+00 0.000000000000000000e+00
0.000000000000000000e+00 0.000000000000000000e+00 0.000000000000000000e+00 0.000000000000000000e+00
0.000000000000000000e+00 0.000000000000000000e+00 0.000000000000000000e+00 0.000000000000000000e+00
0.000000000000000000e+00 0.000000000000000000e+00 0.000000000000000000e+00 0.000000000000000000e+00
0.000000000000000000e+00 0.000000000000000000e+00 0.000000000000000000e+00 0.000000000000000000e+00
0.000000000000000000e+00 0.000000000000000000e+00 0.000000000000000000e+00 0.000000000000000000e+00
0.000000000000000000e+00 0.000000000000000000e+00 0.000000000000000000e+00 0.000000000000000000e+00
0.000000000000000000e+00 0.000000000000000000e+00 0.000000000000000000e+00 0.000000000000000000e+00
0.000000000000000000e+00 0.000000000000000000e+00 0.000000000000000000e+00 0.000000000000000000e+00
0.000000000000000000e+00 0.000000000000000000e+00 0.000000000000000000e+00 0.000000000000000000e+00
0.000000000000000000e+00 0.000000000000000000e+00 0.000000000000000000e+00 0.000000000000000000e+00
0.000000000000000000e+00 0.000000000000000000e+00 0.000000000000000000e+00 0.000000000000000000e+00
0.000000000000000000e+00 0.000000000000000000e+00 0.000000000000000000e+00 0.000000000000000000e+00
0.000000000000000000e+00 0.000000000000000000e+00 0.000000000000000000e+00 0.000000000000000000e+00
0.000000000000000000e+00 0.000000000000000000e+00 0.000000000000000000e+00 0.000000000000000000e+00
0.000000000000000000e+00 0.000000000000000000e+00 0.000000000000000000e+00 0.000000000000000000e+00
0.000000000000000000e+00 0.000000000000000000e+00 0.000000000000000000e+00 0.000000000000000000e+00
0.000000000000000000e+00 0.000000000000000000e+00 0.000000000000000000e+00 0.000000000000000000e+00
0.000000000000000000e+00 0.000000000000000000e+00 0.000000000000000000e+00 0.000000000000000000e+00
0.000000000000000000e+00 0.000000000000000000e+00 0.000000000000000000e+00 0.000000000000000000e+00
0.000000000000000000e+00 0.000000000000000000e+00 0.000000000000000000e+00 0.000000000000000000e+00
0.000000000000000000e+00 0.000000000000000000e+00 0.000000000000000000e+00 0.000000000000000000e+00
0.000000000000000000e+00 0.000000000000000000e+00 0.000000000000000000e+00 0.000000000000000000e+00
0.000000000000000000e+00 0.000000000000000000e+00 0.000000000000000000e+00 0.000000000000000000e+00
0.000000000000000000e+00 0.000000000000000000e+00 0.000000000000000000e+00 0.000000000000000000e+00
0.000000000000000000e+00 0.000000000000000000e+00 0.000000000000000000e+00 0.000000000000000000e+00
0.000000000000000000e+00 0.000000000000000000e+00 0.000000000000000000e+00 0.000000000000000000e+00
0.000000000000000000e+00 0.000000000000000000e+00 0.000000000000000000e+00 0.000000000000000000e+00
0.000000000000000000e+00 0.000000000000000000e+00 0.000000000000000000e+00 0.000000000000000000e+00
0.000000000000000000e+00 0.000000000000000000e+00 0.000000000000000000e+00 0.000000000000000000e+00
0.000000000000000000e+00 0.000000000000000000e+00 0.000000000000000000e+00 0.000000000000000000e+00
0.000000000000000000e+00 0.000000000000000000e+00 0.000000000000000000e+00 0.000000000000000000e+00
0.000000000000000000e+00 0.000000000000000000e+00 0.000000000000000000e+00 0.000000000000000000e+00
0.000000000000000000e+00 0.000000000000000000e+00 0.000000000000000000e+00 0.000000000000000000e+00
0.000000000000000000e+00 0.000000000000000000e+00 0.000000000000000000e+00 0.000000000000000000e+00
0.000000000000000000e+00 0.000000000000000000e+00 0.000000000000000000e+00 0.000000000000000000e+00
0.000000000000000000e+00 0.000000000000000000e+00 0.000000000000000000e+00 0.000000000000000000e+00
0.000000000000000000e+00 0.000000000000000000e+00 0.000000000000000000e+00 0.000000000000000000e+00
0.000000000000000000e+00 0.000000000000000000e+00 0.000000000000000000e+00 0.000000000000000000e+00
0.000000000000000000e+00 0.000000000000000000e+00 0.000000000000000000e+00 0.000000000000000000e+00
0.000000000000000000e+00 0.000000000000000000e+00 0.000000000000000000e+00 0.000000000000000000e+00
0.000000000000000000e+00 0.000000000000000000e+00 0.000000000000000000e+00 0.000000000000000000e+00
0.000000000000000000e+00 0.000000000000000000e+00 0.000000000000000000e+00 0.000000000000000000e+00
0.000000000000000000e+00 0.000000000000000000e+00 0.000000000000000000e+00 0.000000000000000000e+00
0.000000000000000000e+00 0.000000000000000000e+00 0.000000000000000000e+00 0.000000000000000000e+00
0.000000000000000000e+00 0.000000000000000000e+00 0.000000000000000000e+00 0.000000000000000000e+00
0.000000000000000000e+00 0.000000000000000000e+00 0.000000000000000000e+00 0.000000000000000000e+00
0.000000000000000000e+00 0.000000000000000000e+00 0.000000000000000000e+00 0.000000000000000000e+00
0.000000000000000000e+00 0.000000000000000000e+00 0.000000000000000000e+00 0.000000000000000000e+00
0.000000000000000000e+00 0.000000000000000000e+00 0.000000000000000000e+00 0.000000000000000000e+00
0.000000000000000000e+00 0.000000000000000000e+00 0.000000000000000000e+00 0.000000000000000000e+00
0.000000000000000000e+00 0.000000000000000000e+00 0.000000000000000000e+00 0.000000000000000000e+00
0.000000000000000000e+00 0.000000000000000000e+00 0.000000000000000000e+00 0.000000000000000000e+00
0.000000000000000000e+00 0.000000000000000000e+00 0.000000000000000000e+00 0.000000000000000000e+00
0.000000000000000000e+00 0.000000000000000000e+00 0.000000000000000000e+00 0.000000000000000000e+00
0.000000000000000000e+00 0.000000000000000000e+00 0.000000000000000000e+00 0.000000000000000000e+00
0.000000000000000000e+00 0.000000000000000000e+00 0.000000000000000000e+00 0.000000000000000000e+00
0.000000000000000000e+00 0.000000000000000000e+00 0.000000000000000000e+00 0.000000000000000000e+00
0.000000000000000000e+00 0.000000000000000000e+00 0.000000000000000000e+00 0.000000000000000000e+00
0.000000000000000000e+00 0.000000000000000000e+00 0.000000000000000000e+00 0.000000000000000000e+00
0.000000000000000000e+00 0.000000000000000000e+00 0.000000000000000000e+00 0.000000000000000000e+00
0.000000000000000000e+00 0.000000000000000000e+00 0.000000000000000000e+00 0.000000000000000000e+00
0.000000000000000000e+00 0.000000000000000000e+00 0.000000000000000000e+00 0.000000000000000000e+00
0.000000000000000000e+00 0.000000000000000000e+00 0.000000000000000000e+00 0.000000000000000000e+00
0.000000000000000000e+00 0.000000000000000000e+00 0.000000000000000000e+00 0.000000000000000000e+00
