0.000000000000000000e+00 0.000000000000000000e+00 0.000000000000000000e+00
4.000000000000000083e-03 1.304651838877589343e-02 3.992187500000000076e-03
8.000000000000000167e-03 2.564503133068672669e-02 7.992172241210937153e-03
1.200000000000000025e-02 3.782275198005359551e-02 1.199217221140861690e-02
1.600000000000000033e-02 4.962337267258788015e-02 1.599217221135040834e-02
2.000000000000000042e-02 6.108370582492131384e-02 1.999217221135029740e-02
2.400000000000000050e-02 7.223507090047280588e-02 2.399217221135029748e-02
2.800000000000000058e-02 8.310436952607529182e-02 2.799217221135029757e-02
3.200000000000000067e-02 9.371490577680526013e-02 3.199217221135029765e-02
3.600000000000000422e-02 1.040870213348651929e-01 3.599217221135030814e-02
4.000000000000000083e-02 1.142385939374396253e-01 3.999217221135029782e-02
4.399999999999999745e-02 1.241854333124833565e-01 4.399217221135030137e-02
4.800000000000000100e-02 1.339415991672764927e-01 4.799217221135030492e-02
5.200000000000000455e-02 1.435196591509510511e-01 5.199217221135030848e-02
5.600000000000000117e-02 1.529309000238534832e-01 5.599217221135029815e-02
5.999999999999999778e-02 1.621855021220159621e-01 5.999217221135030170e-02
6.400000000000000133e-02 1.712926842883295830e-01 6.399217221135029832e-02
6.800000000000000488e-02 1.802608255443156338e-01 6.799217221135031575e-02
7.200000000000000844e-02 1.890975676209014078e-01 7.199217221135031930e-02
7.599999999999999811e-02 1.978099019974285944e-01 7.599217221135030897e-02
8.000000000000000167e-02 2.064042442151190482e-01 7.999217221135031253e-02
8.400000000000000522e-02 2.148864976234950708e-01 8.399217221135030220e-02
8.799999999999999489e-02 2.232621083830316211e-01 8.799217221135030575e-02
9.199999999999999845e-02 2.315361131130946604e-01 9.199217221135029543e-02
9.600000000000000200e-02 2.397131803619469426e-01 9.599217221135031286e-02
1.000000000000000056e-01 2.477976468467306403e-01 9.999217221135031641e-02
1.040000000000000091e-01 2.557935492760019525e-01 1.039921722113503200e-01
1.079999999999999988e-01 2.637046522323200914e-01 1.079921722113503096e-01
1.120000000000000023e-01 2.715344730627436420e-01 1.119921722113503132e-01
1.160000000000000059e-01 2.792863037128906489e-01 1.159921722113503167e-01
1.199999999999999956e-01 2.869632302422241432e-01 1.199921722113503064e-01
1.239999999999999991e-01 2.945681502154947617e-01 1.239921722113503100e-01
1.280000000000000027e-01 3.021037882544421183e-01 1.279921722113502858e-01
1.320000000000000062e-01 3.095727099866156240e-01 1.319921722113503171e-01
1.360000000000000098e-01 3.169773345839119738e-01 1.359921722113503206e-01
1.400000000000000133e-01 3.243199460638026554e-01 1.399921722113503242e-01
1.440000000000000169e-01 3.316027034983211608e-01 1.439921722113503277e-01
1.479999999999999927e-01 3.388276502546809787e-01 1.479921722113503313e-01
1.519999999999999962e-01 3.459967223844264139e-01 1.519921722113503348e-01
1.559999999999999998e-01 3.531117562409294974e-01 1.559921722113503384e-01
1.600000000000000033e-01 3.601744954297475543e-01 1.599921722113503419e-01
1.640000000000000069e-01 3.671865971409260521e-01 1.639921722113503455e-01
1.680000000000000104e-01 3.741496379450846566e-01 1.679921722113503213e-01
1.720000000000000140e-01 3.810651190985298031e-01 1.719921722113503526e-01
1.759999999999999898e-01 3.879344714110264936e-01 1.759921722113503006e-01
1.799999999999999933e-01 3.947590597173410432e-01 1.799921722113503320e-01
1.839999999999999969e-01 4.015401869798769230e-01 1.839921722113502800e-01
1.880000000000000004e-01 4.082790981307501954e-01 1.879921722113503113e-01
1.920000000000000040e-01 4.149769835069386237e-01 1.919921722113503149e-01
1.960000000000000075e-01 4.216349821205158110e-01 1.959921722113503184e-01
2.000000000000000111e-01 4.282541846485554138e-01 1.999921722113503220e-01
2.040000000000000147e-01 4.348356362030062483e-01 2.039921722113503255e-01
2.080000000000000182e-01 4.413803388845730091e-01 2.079921722113503291e-01
2.119999999999999940e-01 4.478892542398124066e-01 2.119921722113503326e-01
2.159999999999999976e-01 4.543633054463213639e-01 2.159921722113503362e-01
2.200000000000000011e-01 4.608033793668873668e-01 2.199921722113503675e-01
2.240000000000000047e-01 4.672103284326034056e-01 2.239921722113503433e-01
2.280000000000000082e-01 4.735849725518505027e-01 2.279921722113503468e-01
2.320000000000000118e-01 4.799281007338636051e-01 2.319921722113503504e-01
2.360000000000000153e-01 4.862404726656496257e-01 2.359921722113503817e-01
2.399999999999999911e-01 4.925228200822934777e-01 2.399921722113503020e-01
2.439999999999999947e-01 4.987758485544906972e-01 2.439921722113503055e-01
2.479999999999999982e-01 5.050002381516223160e-01 2.479921722113503091e-01
2.520000000000000018e-01 5.111966450926334060e-01 2.519921722113502849e-01
2.560000000000000053e-01 5.173657027680056419e-01 2.559921722113502884e-01
2.600000000000000089e-01 5.235080228070146946e-01 2.599921722113502920e-01
2.640000000000000124e-01 5.296241960861189924e-01 2.639921722113503511e-01
2.680000000000000160e-01 5.357147936774596664e-01 2.679921722113503546e-01
2.720000000000000195e-01 5.417803677391086481e-01 2.719921722113503582e-01
2.760000000000000231e-01 5.478214523771030020e-01 2.759921722113503062e-01
2.800000000000000266e-01 5.538385643995729080e-01 2.799921722113503653e-01
2.840000000000000302e-01 5.598322041250305414e-01 2.839921722113503688e-01
2.880000000000000338e-01 5.658028562765725633e-01 2.879921722113503724e-01
2.919999999999999818e-01 5.717509897153854048e-01 2.919921722113503204e-01
2.959999999999999853e-01 5.776770594268356707e-01 2.959921722113503795e-01
2.999999999999999889e-01 5.835815063494856902e-01 2.999921722113503830e-01
3.039999999999999925e-01 5.894647580611981352e-01 3.039921722113503866e-01
3.079999999999999960e-01 5.953272293298231821e-01 3.079921722113503346e-01
3.119999999999999996e-01 6.011693226294798631e-01 3.119921722113503937e-01
3.160000000000000031e-01 6.069914286253661473e-01 3.159921722113503972e-01
3.200000000000000067e-01 6.127939266314385014e-01 3.199921722113504008e-01
3.240000000000000102e-01 6.185771850042599551e-01 3.239921722113504043e-01
3.280000000000000138e-01 6.243415617137012541e-01 3.279921722113504079e-01
3.320000000000000173e-01 6.300874045572387727e-01 3.319921722113504114e-01
3.360000000000000209e-01 6.358150516050173895e-01 3.359921722113503595e-01
3.400000000000000244e-01 6.415248315554610281e-01 3.399921722113503630e-01
3.440000000000000280e-01 6.472170642313825883e-01 3.439921722113504221e-01
3.480000000000000315e-01 6.528920603718603166e-01 3.479921722113504257e-01
3.519999999999999796e-01 6.585501225763868982e-01 3.519921722113503182e-01
3.559999999999999831e-01 6.641915453169696670e-01 3.559921722113503217e-01
3.599999999999999867e-01 6.698166152265976336e-01 3.599921722113503808e-01
3.639999999999999902e-01 6.754256113604598655e-01 3.639921722113503288e-01
3.679999999999999938e-01 6.810188052267973635e-01 3.679921722113502769e-01
3.719999999999999973e-01 6.865964618346847015e-01 3.719921722113502804e-01
3.760000000000000009e-01 6.921588389660139340e-01 3.759921722113503395e-01
3.800000000000000044e-01 6.977061878000461181e-01 3.799921722113503431e-01
3.840000000000000080e-01 7.032387531084693943e-01 3.839921722113503466e-01
3.880000000000000115e-01 7.087567734429375266e-01 3.879921722113503502e-01
3.920000000000000151e-01 7.142604813311923539e-01 3.919921722113503537e-01
3.960000000000000187e-01 7.197501034367104200e-01 3.959921722113503573e-01
4.000000000000000222e-01 7.252258607397917833e-01 3.999921722113503608e-01
4.040000000000000258e-01 7.306879686914010685e-01 4.039921722113503089e-01
4.080000000000000293e-01 7.361366373587311385e-01 4.079921722113503679e-01
4.120000000000000329e-01 7.415720715812980091e-01 4.119921722113503715e-01
4.160000000000000364e-01 7.469944711092484368e-01 4.159921722113503750e-01
4.199999999999999845e-01 7.524040306827142199e-01 4.199921722113503786e-01
4.239999999999999880e-01 7.578009401921630417e-01 4.239921722113503821e-01
4.279999999999999916e-01 7.631853847763361287e-01 4.279921722113503857e-01
4.319999999999999951e-01 7.685575449179762320e-01 4.319921722113503892e-01
4.359999999999999987e-01 7.739175965372454558e-01 4.359921722113503928e-01
4.400000000000000022e-01 7.792657110723308911e-01 4.399921722113504519e-01
4.440000000000000058e-01 7.846020555520837325e-01 4.439921722113503999e-01
4.480000000000000093e-01 7.899267926593002143e-01 4.479921722113504035e-01
4.520000000000000129e-01 7.952400807837729513e-01 4.519921722113503515e-01
4.560000000000000164e-01 8.005420740738150576e-01 4.559921722113504106e-01
4.600000000000000200e-01 8.058329224489130249e-01 4.599921722113504141e-01
4.640000000000000235e-01 8.111127716250576825e-01 4.639921722113504177e-01
4.680000000000000271e-01 8.163817631324526980e-01 4.679921722113504212e-01
4.720000000000000306e-01 8.216400343121514904e-01 4.719921722113504803e-01
4.760000000000000342e-01 8.268877182547329507e-01 4.759921722113504838e-01
4.799999999999999822e-01 8.321249438117308550e-01 4.799921722113503209e-01
4.839999999999999858e-01 8.373518355283107173e-01 4.839921722113502689e-01
4.879999999999999893e-01 8.425685135162866990e-01 4.879921722113503280e-01
4.919999999999999929e-01 8.477750933974528280e-01 4.919921722113503315e-01
4.959999999999999964e-01 8.529716861887205459e-01 4.959921722113503351e-01
5.000000000000000000e-01 8.581583981040096232e-01 4.999921722113503386e-01
5.040000000000000036e-01 8.633353303678051871e-01 5.039921722113502867e-01
5.080000000000000071e-01 8.685025790237914656e-01 5.079921722113502902e-01
5.120000000000000107e-01 8.736602346424678922e-01 5.119921722113502938e-01
5.160000000000000142e-01 8.788083819960069709e-01 5.159921722113502973e-01
5.200000000000000178e-01 8.839470996859168928e-01 5.199921722113503009e-01
5.240000000000000213e-01 8.890764597033863348e-01 5.239921722113503044e-01
5.280000000000000249e-01 8.941965269154128482e-01 5.279921722113504190e-01
5.320000000000000284e-01 8.993073584604557302e-01 5.319921722113504226e-01
5.360000000000000320e-01 9.044090030634052146e-01 5.359921722113504261e-01
5.400000000000000355e-01 9.095015001816313394e-01 5.399921722113504297e-01
5.440000000000000391e-01 9.145848790952313401e-01 5.439921722113504332e-01
5.480000000000000426e-01 9.196591577696265896e-01 5.479921722113504368e-01
5.520000000000000462e-01 9.247243415711413617e-01 5.519921722113503293e-01
5.560000000000000497e-01 9.297804217593421683e-01 5.559921722113503328e-01
5.600000000000000533e-01 9.348273737224842561e-01 5.599921722113504474e-01
5.640000000000000568e-01 9.398651549178625997e-01 5.639921722113504510e-01
5.680000000000000604e-01 9.448937024583030642e-01 5.679921722113504545e-01
5.720000000000000639e-01 9.499129302846796019e-01 5.719921722113504581e-01
5.760000000000000675e-01 9.549227258491259640e-01 5.759921722113504616e-01
5.799999999999999600e-01 9.599229462035879790e-01 5.799921722113503542e-01
5.839999999999999636e-01 9.649134134153599662e-01 5.839921722113503577e-01
5.879999999999999671e-01 9.698939091332320350e-01 5.879921722113503613e-01
5.919999999999999707e-01 9.748641682048940771e-01 5.919921722113504758e-01
5.959999999999999742e-01 9.798238710730040602e-01 5.959921722113504794e-01
5.999999999999999778e-01 9.847726347632179689e-01 5.999921722113504829e-01
6.039999999999999813e-01 9.897100022086815496e-01 6.039921722113504865e-01
6.079999999999999849e-01 9.946354295033713599e-01 6.079921722113504901e-01
6.119999999999999885e-01 9.995482707076920326e-01 6.119921722113503826e-01
6.159999999999999920e-01 1.004447759649571559e+00 6.159921722113503861e-01
6.199999999999999956e-01 1.009332988111768747e+00 6.199921722113503897e-01
6.239999999999999991e-01 1.014202879664391599e+00 6.239921722113505043e-01
6.280000000000000027e-01 1.019056158129251433e+00 6.279921722113505078e-01
6.320000000000000062e-01 1.023891309520446269e+00 6.319921722113505114e-01
6.360000000000000098e-01 1.028706535999776683e+00 6.359921722113505149e-01
6.400000000000000133e-01 1.033499700036667246e+00 6.399921722113505185e-01
6.440000000000000169e-01 1.038268256517839161e+00 6.439921722113505220e-01
6.480000000000000204e-01 1.043009169990106511e+00 6.479921722113505256e-01
6.520000000000000240e-01 1.047718813516132608e+00 6.519921722113505291e-01
6.560000000000000275e-01 1.052392844784264092e+00 6.559921722113505327e-01
6.600000000000000311e-01 1.057026053622311723e+00 6.599921722113505362e-01
6.640000000000000346e-01 1.061612174448325563e+00 6.639921722113505398e-01
6.680000000000000382e-01 1.066143654290602205e+00 6.679921722113504323e-01
6.720000000000000417e-01 1.070584059775918639e+00 6.719921722113504359e-01
6.760000000000000453e-01 1.074957813564068720e+00 6.759921722113504394e-01
6.800000000000000488e-01 1.079266306506051487e+00 6.799921722113504430e-01
6.840000000000000524e-01 1.083492039814914154e+00 6.839921722113504465e-01
6.880000000000000560e-01 1.087687651644476894e+00 6.879921722113505611e-01
6.920000000000000595e-01 1.091815758033024775e+00 6.919921722113505647e-01
6.960000000000000631e-01 1.095923761705068111e+00 6.959921722113505682e-01
7.000000000000000666e-01 1.099970909454465628e+00 6.999921722113505718e-01
7.039999999999999591e-01 1.103967854086148837e+00 7.039921722113503533e-01
7.079999999999999627e-01 1.107939826747942336e+00 7.079921722113503568e-01
7.119999999999999662e-01 1.111874312877330739e+00 7.119921722113503604e-01
7.159999999999999698e-01 1.115765365629005412e+00 7.159921722113503639e-01
7.199999999999999734e-01 1.119611609622498394e+00 7.199921722113504785e-01
7.239999999999999769e-01 1.123411227041318572e+00 7.239921722113504821e-01
7.279999999999999805e-01 1.127161966312827390e+00 7.279921722113503746e-01
7.319999999999999840e-01 1.130852631065737413e+00 7.319921722113502671e-01
7.359999999999999876e-01 1.134477648193364496e+00 7.359921722113502707e-01
7.399999999999999911e-01 1.138032941371082796e+00 7.399921722113502742e-01
7.439999999999999947e-01 1.141510012809205499e+00 7.439921722113502778e-01
7.479999999999999982e-01 1.144897891668487988e+00 7.479921722113502813e-01
7.520000000000000018e-01 1.148187539161948489e+00 7.519921722113503959e-01
7.560000000000000053e-01 1.151358064198547027e+00 7.559921722113503995e-01
7.600000000000000089e-01 1.152597157843337383e+00 7.599995107632094848e-01
7.640000000000000124e-01 1.138403222578537655e+00 7.640000000000001235e-01
7.680000000000000160e-01 1.133817314809540289e+00 7.679999980926515146e-01
7.720000000000000195e-01 1.134281711216919675e+00 7.719995117185173283e-01
7.760000000000000231e-01 1.134897177149467806e+00 7.759995116591454911e-01
7.800000000000000266e-01 1.135775594770310981e+00 7.799995116591381672e-01
7.840000000000000302e-01 1.138786523497847591e+00 7.839921865462093908e-01
7.880000000000000338e-01 1.139986200269864414e+00 7.879990215299186307e-01
7.920000000000000373e-01 1.143146457907624258e+00 7.919921855889257012e-01
7.960000000000000409e-01 1.146234711327997591e+00 7.959921722374785347e-01
8.000000000000000444e-01 1.149307375641515749e+00 7.999921722114015088e-01
8.040000000000000480e-01 1.152413352086293807e+00 8.039921722113505531e-01
8.080000000000000515e-01 1.155566582496987404e+00 8.079921722113503346e-01
8.120000000000000551e-01 1.158781660134721836e+00 8.119921722113503382e-01
8.160000000000000586e-01 1.162060599133968752e+00 8.159921722113504527e-01
8.200000000000000622e-01 1.165390609062517457e+00 8.199921722113504563e-01
8.240000000000000657e-01 1.168779567977578537e+00 8.239921722113504599e-01
8.280000000000000693e-01 1.172236832847789678e+00 8.279921722113504634e-01
8.320000000000000728e-01 1.175748439122811906e+00 8.319921722113504670e-01
8.359999999999999654e-01 1.179317300256737866e+00 8.359921722113504705e-01
8.399999999999999689e-01 1.182920585220363696e+00 8.399921722113504741e-01
8.439999999999999725e-01 1.186546886220492869e+00 8.439921722113503666e-01
8.479999999999999760e-01 1.190209001713129711e+00 8.479921722113504812e-01
8.519999999999999796e-01 1.193908775915706766e+00 8.519921722113504847e-01
8.559999999999999831e-01 1.197647713542825842e+00 8.559921722113504883e-01
8.599999999999999867e-01 1.201420049596818806e+00 8.599921722113504918e-01
8.639999999999999902e-01 1.205238022128158892e+00 8.639921722113504954e-01
8.679999999999999938e-01 1.209094878202130241e+00 8.679921722113504989e-01
8.719999999999999973e-01 1.212987659519129124e+00 8.719921722113505025e-01
8.760000000000000009e-01 1.216912759437905445e+00 8.759921722113505060e-01
8.800000000000000044e-01 1.220865134453376966e+00 8.799921722113506206e-01
8.840000000000000080e-01 1.224842439791519411e+00 8.839921722113506242e-01
8.880000000000000115e-01 1.228842705633818255e+00 8.879921722113505167e-01
8.920000000000000151e-01 1.232860752291349948e+00 8.919921722113505203e-01
8.960000000000000187e-01 1.236896922458282422e+00 8.959921722113505238e-01
9.000000000000000222e-01 1.240948422010862418e+00 8.999921722113504163e-01
9.040000000000000258e-01 1.245014123411466223e+00 9.039921722113504199e-01
9.080000000000000293e-01 1.249092660309639502e+00 9.079921722113504234e-01
9.120000000000000329e-01 1.253183173910227044e+00 9.119921722113505380e-01
9.160000000000000364e-01 1.257287553364432098e+00 9.159921722113505416e-01
9.200000000000000400e-01 1.261426970594015318e+00 9.199921722113505451e-01
9.240000000000000435e-01 1.265550451155042166e+00 9.239921722113505487e-01
9.280000000000000471e-01 1.269675289493573889e+00 9.279921722113505522e-01
9.320000000000000506e-01 1.273842956541129112e+00 9.319921722113505558e-01
9.360000000000000542e-01 1.277996754531481649e+00 9.359921722113505593e-01
9.400000000000000577e-01 1.282169088819007596e+00 9.399921722113505629e-01
9.440000000000000613e-01 1.286339902753600439e+00 9.439921722113506775e-01
9.480000000000000648e-01 1.290520737481160918e+00 9.479921722113506810e-01
9.520000000000000684e-01 1.294710702948380199e+00 9.519921722113506846e-01
9.560000000000000719e-01 1.298899299219848480e+00 9.559921722113506881e-01
9.599999999999999645e-01 1.303095714746699940e+00 9.599921722113503586e-01
9.639999999999999680e-01 1.307295471431033418e+00 9.639921722113502511e-01
9.679999999999999716e-01 1.311510951380477019e+00 9.679921722113502547e-01
9.719999999999999751e-01 1.315732057444263914e+00 9.719921722113502582e-01
9.759999999999999787e-01 1.319966199446230615e+00 9.759921722113503728e-01
9.799999999999999822e-01 1.324202742351769713e+00 9.799921722113503764e-01
9.839999999999999858e-01 1.328448586045753776e+00 9.839921722113503799e-01
9.879999999999999893e-01 1.332695527833803073e+00 9.879921722113503835e-01
9.919999999999999929e-01 1.336953123420120404e+00 9.919921722113503870e-01
9.959999999999999964e-01 1.341209373270673133e+00 9.959921722113503906e-01
1.000000000000000000e+00 1.345472251217794568e+00 9.999921722113503941e-01
1.004000000000000004e+00 1.349729705014856895e+00 1.003992172211350287e+00
1.008000000000000007e+00 1.353993660739436056e+00 1.007992172211350290e+00
1.012000000000000011e+00 1.358243349428237101e+00 1.011992172211350294e+00
1.016000000000000014e+00 1.362500564984392426e+00 1.015992172211350297e+00
1.020000000000000018e+00 1.366745241504296882e+00 1.019992172211350301e+00
1.024000000000000021e+00 1.371004499666166998e+00 1.023992172211350304e+00
1.028000000000000025e+00 1.375256471333984321e+00 1.027992172211350308e+00
1.032000000000000028e+00 1.379516761511049516e+00 1.031992172211350312e+00
1.036000000000000032e+00 1.383766177880873416e+00 1.035992172211350315e+00
1.040000000000000036e+00 1.388023451394433616e+00 1.039992172211350319e+00
1.044000000000000039e+00 1.392271329211662190e+00 1.043992172211350322e+00
1.048000000000000043e+00 1.396527143783039326e+00 1.047992172211350326e+00
1.052000000000000046e+00 1.400774804333803525e+00 1.051992172211350329e+00
1.056000000000000050e+00 1.405030663931513768e+00 1.055992172211350333e+00
1.060000000000000053e+00 1.409276439637729306e+00 1.059992172211350558e+00
1.064000000000000057e+00 1.413527599306532601e+00 1.063992172211350562e+00
1.068000000000000060e+00 1.417769427995133391e+00 1.067992172211350566e+00
1.072000000000000064e+00 1.422015900202070915e+00 1.071992172211350569e+00
1.076000000000000068e+00 1.426254057315964552e+00 1.075992172211350573e+00
1.080000000000000071e+00 1.430497807808343236e+00 1.079992172211350576e+00
1.084000000000000075e+00 1.434728810894506656e+00 1.083992172211350580e+00
1.088000000000000078e+00 1.438963116442673495e+00 1.087992172211350583e+00
1.092000000000000082e+00 1.443190731872394439e+00 1.091992172211350587e+00
1.096000000000000085e+00 1.447419111633955202e+00 1.095992172211350590e+00
1.100000000000000089e+00 1.451637747265807965e+00 1.099992172211350594e+00
1.104000000000000092e+00 1.455852293109344719e+00 1.103992172211350375e+00
1.108000000000000096e+00 1.460048182719268173e+00 1.107992172211350379e+00
1.112000000000000099e+00 1.464245255215752550e+00 1.111992172211350383e+00
1.116000000000000103e+00 1.468433276195738157e+00 1.115992172211350386e+00
1.120000000000000107e+00 1.472625585587402641e+00 1.119992172211350390e+00
1.124000000000000110e+00 1.476813219317267389e+00 1.123992172211350615e+00
1.128000000000000114e+00 1.481006071742464014e+00 1.127992172211350619e+00
1.132000000000000117e+00 1.485189277152749288e+00 1.131992172211350622e+00
1.136000000000000121e+00 1.489374745912749098e+00 1.135992172211350626e+00
1.140000000000000124e+00 1.493555054406862759e+00 1.139992172211350629e+00
1.144000000000000128e+00 1.497737338500362503e+00 1.143992172211350633e+00
1.148000000000000131e+00 1.501908125565773577e+00 1.147992172211350637e+00
1.152000000000000135e+00 1.506074259907646429e+00 1.151992172211350640e+00
1.155999999999999917e+00 1.510234472500206149e+00 1.155992172211350422e+00
1.159999999999999920e+00 1.514397679332763147e+00 1.159992172211350425e+00
1.163999999999999924e+00 1.518554990698989915e+00 1.163992172211350429e+00
1.167999999999999927e+00 1.522713741069513294e+00 1.167992172211350432e+00
1.171999999999999931e+00 1.526863829965501296e+00 1.171992172211350436e+00
1.175999999999999934e+00 1.531015705527980275e+00 1.175992172211350439e+00
1.179999999999999938e+00 1.535156234849520240e+00 1.179992172211350443e+00
1.183999999999999941e+00 1.539297056192790336e+00 1.183992172211350447e+00
1.187999999999999945e+00 1.543428600725694544e+00 1.187992172211350672e+00
1.191999999999999948e+00 1.547556854517022629e+00 1.191992172211350676e+00
1.195999999999999952e+00 1.551675320051199458e+00 1.195992172211350679e+00
1.199999999999999956e+00 1.555789222836918118e+00 1.199992172211350683e+00
1.203999999999999959e+00 1.559891861218365205e+00 1.203992172211350686e+00
1.207999999999999963e+00 1.563995790676684594e+00 1.207992172211350690e+00
1.211999999999999966e+00 1.568081235803440165e+00 1.211992172211350693e+00
1.215999999999999970e+00 1.572164462543936603e+00 1.215992172211350697e+00
1.219999999999999973e+00 1.576223548960403953e+00 1.219992172211350479e+00
1.223999999999999977e+00 1.580279054687991236e+00 1.223992172211350482e+00
1.227999999999999980e+00 1.584311770773900507e+00 1.227992172211350486e+00
1.231999999999999984e+00 1.588347076290064885e+00 1.231992172211350489e+00
1.235999999999999988e+00 1.592362751696891232e+00 1.235992172211350493e+00
1.239999999999999991e+00 1.596372453701050853e+00 1.239992172211350496e+00
1.243999999999999995e+00 1.600366000423271151e+00 1.243992172211350500e+00
1.247999999999999998e+00 1.604341484985088995e+00 1.247992172211350503e+00
1.252000000000000002e+00 1.608270087788223224e+00 1.251992172211350729e+00
1.256000000000000005e+00 1.612216965325096396e+00 1.255992172211350733e+00
1.260000000000000009e+00 1.616166056052411149e+00 1.259992172211350736e+00
1.264000000000000012e+00 1.620127727535404238e+00 1.263992172211350740e+00
1.268000000000000016e+00 1.624078177236092602e+00 1.267992172211350743e+00
1.272000000000000020e+00 1.628026232094204495e+00 1.271992172211350747e+00
1.276000000000000023e+00 1.631941131831377900e+00 1.275992172211350750e+00
1.280000000000000027e+00 1.635858128323866900e+00 1.279992172211350754e+00
1.284000000000000030e+00 1.639758396736707091e+00 1.283992172211350757e+00
1.288000000000000034e+00 1.643647771854856998e+00 1.287992172211350761e+00
1.292000000000000037e+00 1.647512690455021023e+00 1.291992172211350764e+00
1.296000000000000041e+00 1.651359906291513413e+00 1.295992172211350768e+00
1.300000000000000044e+00 1.655177059472122680e+00 1.299992172211350772e+00
1.304000000000000048e+00 1.658970291228548888e+00 1.303992172211350775e+00
1.308000000000000052e+00 1.662733717592995042e+00 1.307992172211350557e+00
1.312000000000000055e+00 1.666469642871359014e+00 1.311992172211350560e+00
1.316000000000000059e+00 1.670171736491127046e+00 1.315992172211350786e+00
1.320000000000000062e+00 1.673846333879710491e+00 1.319992172211350789e+00
1.324000000000000066e+00 1.677456190983059425e+00 1.323992172211350793e+00
1.328000000000000069e+00 1.681010494147861856e+00 1.327992172211350796e+00
1.332000000000000073e+00 1.684522776380572573e+00 1.331992172211350800e+00
1.336000000000000076e+00 1.687992345359578428e+00 1.335992172211350582e+00
1.340000000000000080e+00 1.691392152991750164e+00 1.339992172211350585e+00
1.344000000000000083e+00 1.694764690299839671e+00 1.343992172211350589e+00
1.348000000000000087e+00 1.698048398218465982e+00 1.347992172211350592e+00
1.352000000000000091e+00 1.701228481562336858e+00 1.351992172211350596e+00
1.356000000000000094e+00 1.704330173989598851e+00 1.355992172211350599e+00
1.360000000000000098e+00 1.707348024744191006e+00 1.359992172211350603e+00
1.364000000000000101e+00 1.708525637151801835e+00 1.363999021526419053e+00
0.000000000000000000e+00 0.000000000000000000e+00 0.000000000000000000e+00
0.000000000000000000e+00 0.000000000000000000e+00 0.000000000000000000e+00
0.000000000000000000e+00 0.000000000000000000e+00 0.000000000000000000e+00
0.000000000000000000e+00 0.000000000000000000e+00 0.000000000000000000e+00
0.000000000000000000e+00 0.000000000000000000e+00 0.000000000000000000e+00
0.000000000000000000e+00 0.000000000000000000e+00 0.000000000000000000e+00
0.000000000000000000e+00 0.000000000000000000e+00 0.000000000000000000e+00
0.000000000000000000e+00 0.000000000000000000e+00 0.000000000000000000e+00
0.000000000000000000e+00 0.000000000000000000e+00 0.000000000000000000e+00
0.000000000000000000e+00 0.000000000000000000e+00 0.000000000000000000e+00
0.000000000000000000e+00 0.000000000000000000e+00 0.000000000000000000e+00
0.000000000000000000e+00 0.000000000000000000e+00 0.000000000000000000e+00
0.000000000000000000e+00 0.000000000000000000e+00 0.000000000000000000e+00
0.000000000000000000e+00 0.000000000000000000e+00 0.000000000000000000e+00
0.000000000000000000e+00 0.000000000000000000e+00 0.000000000000000000e+00
0.000000000000000000e+00 0.000000000000000000e+00 0.000000000000000000e+00
0.000000000000000000e+00 0.000000000000000000e+00 0.000000000000000000e+00
0.000000000000000000e+00 0.000000000000000000e+00 0.000000000000000000e+00
0.000000000000000000e+00 0.000000000000000000e+00 0.000000000000000000e+00
0.000000000000000000e+00 0.000000000000000000e+00 0.000000000000000000e+00
0.000000000000000000e+00 0.000000000000000000e+00 0.000000000000000000e+00
0.000000000000000000e+00 0.000000000000000000e+00 0.000000000000000000e+00
0.000000000000000000e+00 0.000000000000000000e+00 0.000000000000000000e+00
0.000000000000000000e+00 0.000000000000000000e+00 0.000000000000000000e+00
0.000000000000000000e+00 0.000000000000000000e+00 0.000000000000000000e+00
0.000000000000000000e+00 0.000000000000000000e+00 0.000000000000000000e+00
0.000000000000000000e+00 0.000000000000000000e+00 0.000000000000000000e+00
0.000000000000000000e+00 0.000000000000000000e+00 0.000000000000000000e+00
0.000000000000000000e+00 0.000000000000000000e+00 0.000000000000000000e+00
0.000000000000000000e+00 0.000000000000000000e+00 0.000000000000000000e+00
0.000000000000000000e+00 0.000000000000000000e+00 0.000000000000000000e+00
0.000000000000000000e+00 0.000000000000000000e+00 0.000000000000000000e+00
0.000000000000000000e+00 0.000000000000000000e+00 0.000000000000000000e+00
0.000000000000000000e+00 0.000000000000000000e+00 0.000000000000000000e+00
0.000000000000000000e+00 0.000000000000000000e+00 0.000000000000000000e+00
0.000000000000000000e+00 0.000000000000000000e+00 0.000000000000000000e+00
0.000000000000000000e+00 0.000000000000000000e+00 0.000000000000000000e+00
0.000000000000000000e+00 0.000000000000000000e+00 0.000000000000000000e+00
0.000000000000000000e+00 0.000000000000000000e+00 0.000000000000000000e+00
0.000000000000000000e+00 0.000000000000000000e+00 0.000000000000000000e+00
0.000000000000000000e+00 0.000000000000000000e+00 0.000000000000000000e+00
0.000000000000000000e+00 0.000000000000000000e+00 0.000000000000000000e+00
0.000000000000000000e+00 0.000000000000000000e+00 0.000000000000000000e+00
0.000000000000000000e+00 0.000000000000000000e+00 0.000000000000000000e+00
0.000000000000000000e+00 0.000000000000000000e+00 0.000000000000000000e+00
0.000000000000000000e+00 0.000000000000000000e+00 0.000000000000000000e+00
0.000000000000000000e+00 0.000000000000000000e+00 0.000000000000000000e+00
0.000000000000000000e+00 0.000000000000000000e+00 0.000000000000000000e+00
0.000000000000000000e+00 0.000000000000000000e+00 0.000000000000000000e+00
0.000000000000000000e+00 0.000000000000000000e+00 0.000000000000000000e+00
0.000000000000000000e+00 0.000000000000000000e+00 0.000000000000000000e+00
0.000000000000000000e+00 0.000000000000000000e+00 0.000000000000000000e+00
0.000000000000000000e+00 0.000000000000000000e+00 0.000000000000000000e+00
0.000000000000000000e+00 0.000000000000000000e+00 0.000000000000000000e+00
0.000000000000000000e+00 0.000000000000000000e+00 0.000000000000000000e+00
0.000000000000000000e+00 0.000000000000000000e+00 0.000000000000000000e+00
0.000000000000000000e+00 0.000000000000000000e+00 0.000000000000000000e+00
0.000000000000000000e+00 0.000000000000000000e+00 0.000000000000000000e+00
0.000000000000000000e+00 0.000000000000000000e+00 0.000000000000000000e+00
0.000000000000000000e+00 0.000000000000000000e+00 0.000000000000000000e+00
0.000000000000000000e+00 0.000000000000000000e+00 0.000000000000000000e+00
0.000000000000000000e+00 0.000000000000000000e+00 0.000000000000000000e+00
0.000000000000000000e+00 0.000000000000000000e+00 0.000000000000000000e+00
0.000000000000000000e+00 0.000000000000000000e+00 0.000000000000000000e+00
0.000000000000000000e+00 0.000000000000000000e+00 0.000000000000000000e+00
0.000000000000000000e+00 0.000000000000000000e+00 0.000000000000000000e+00
0.000000000000000000e+00 0.000000000000000000e+00 0.000000000000000000e+00
0.000000000000000000e+00 0.000000000000000000e+00 0.000000000000000000e+00
0.000000000000000000e+00 0.000000000000000000e+00 0.000000000000000000e+00
0.000000000000000000e+00 0.000000000000000000e+00 0.000000000000000000e+00
0.000000000000000000e+00 0.000000000000000000e+00 0.000000000000000000e+00
0.000000000000000000e+00 0.000000000000000000e+00 0.000000000000000000e+00
0.000000000000000000e+00 0.000000000000000000e+00 0.000000000000000000e+00
0.000000000000000000e+00 0.000000000000000000e+00 0.000000000000000000e+00
0.000000000000000000e+00 0.000000000000000000e+00 0.000000000000000000e+00
0.000000000000000000e+00 0.000000000000000000e+00 0.000000000000000000e+00
0.000000000000000000e+00 0.000000000000000000e+00 0.000000000000000000e+00
0.000000000000000000e+00 0.000000000000000000e+00 0.000000000000000000e+00
0.000000000000000000e+00 0.000000000000000000e+00 0.000000000000000000e+00
0.000000000000000000e+00 0.000000000000000000e+00 0.000000000000000000e+00
0.000000000000000000e+00 0.000000000000000000e+00 0.000000000000000000e+00
0.000000000000000000e+00 0.000000000000000000e+00 0.000000000000000000e+00
0.000000000000000000e+00 0.000000000000000000e+00 0.000000000000000000e+00
0.000000000000000000e+00 0.000000000000000000e+00 0.000000000000000000e+00
0.000000000000000000e+00 0.000000000000000000e+00 0.000000000000000000e+00
0.000000000000000000e+00 0.000000000000000000e+00 0.000000000000000000e+00
0.000000000000000000e+00 0.000000000000000000e+00 0.000000000000000000e+00
0.000000000000000000e+00 0.000000000000000000e+00 0.000000000000000000e+00
0.000000000000000000e+00 0.000000000000000000e+00 0.000000000000000000e+00
0.000000000000000000e+00 0.000000000000000000e+00 0.000000000000000000e+00
0.000000000000000000e+00 0.000000000000000000e+00 0.000000000000000000e+00
0.000000000000000000e+00 0.000000000000000000e+00 0.000000000000000000e+00
0.000000000000000000e+00 0.000000000000000000e+00 0.000000000000000000e+00
0.000000000000000000e+00 0.000000000000000000e+00 0.000000000000000000e+00
0.000000000000000000e+00 0.000000000000000000e+00 0.000000000000000000e+00
0.000000000000000000e+00 0.000000000000000000e+00 0.000000000000000000e+00
0.000000000000000000e+00 0.000000000000000000e+00 0.000000000000000000e+00
0.000000000000000000e+00 0.000000000000000000e+00 0.000000000000000000e+00
0.000000000000000000e+00 0.000000000000000000e+00 0.000000000000000000e+00
0.000000000000000000e+00 0.000000000000000000e+00 0.000000000000000000e+00
0.000000000000000000e+00 0.000000000000000000e+00 0.000000000000000000e+00
0.000000000000000000e+00 0.000000000000000000e+00 0.000000000000000000e+00
0.000000000000000000e+00 0.000000000000000000e+00 0.000000000000000000e+00
0.000000000000000000e+00 0.000000000000000000e+00 0.000000000000000000e+00
0.000000000000000000e+00 0.000000000000000000e+00 0.000000000000000000e+00
0.000000000000000000e+00 0.000000000000000000e+00 0.000000000000000000e+00
0.000000000000000000e+00 0.000000000000000000e+00 0.000000000000000000e+00
0.000000000000000000e+00 0.000000000000000000e+00 0.000000000000000000e+00
0.000000000000000000e+00 0.000000000000000000e+00 0.000000000000000000e+00
0.000000000000000000e+00 0.000000000000000000e+00 0.000000000000000000e+00
0.000000000000000000e+00 0.000000000000000000e+00 0.000000000000000000e+00
0.000000000000000000e+00 0.000000000000000000e+00 0.000000000000000000e+00
0.000000000000000000e+00 0.000000000000000000e+00 0.000000000000000000e+00
0.000000000000000000e+00 0.000000000000000000e+00 0.000000000000000000e+00
0.000000000000000000e+00 0.000000000000000000e+00 0.000000000000000000e+00
0.000000000000000000e+00 0.000000000000000000e+00 0.000000000000000000e+00
0.000000000000000000e+00 0.000000000000000000e+00 0.000000000000000000e+00
0.000000000000000000e+00 0.000000000000000000e+00 0.000000000000000000e+00
0.000000000000000000e+00 0.000000000000000000e+00 0.000000000000000000e+00
0.000000000000000000e+00 0.000000000000000000e+00 0.000000000000000000e+00
0.000000000000000000e+00 0.000000000000000000e+00 0.000000000000000000e+00
0.000000000000000000e+00 0.000000000000000000e+00 0.000000000000000000e+00
0.000000000000000000e+00 0.000000000000000000e+00 0.000000000000000000e+00
0.000000000000000000e+00 0.000000000000000000e+00 0.000000000000000000e+00
0.000000000000000000e+00 0.000000000000000000e+00 0.000000000000000000e+00
0.000000000000000000e+00 0.000000000000000000e+00 0.000000000000000000e+00
0.000000000000000000e+00 0.000000000000000000e+00 0.000000000000000000e+00
0.000000000000000000e+00 0.000000000000000000e+00 0.000000000000000000e+00
0.000000000000000000e+00 0.000000000000000000e+00 0.000000000000000000e+00
0.000000000000000000e+00 0.000000000000000000e+00 0.000000000000000000e+00
0.000000000000000000e+00 0.000000000000000000e+00 0.000000000000000000e+00
0.000000000000000000e+00 0.000000000000000000e+00 0.000000000000000000e+00
0.000000000000000000e+00 0.000000000000000000e+00 0.000000000000000000e+00
0.000000000000000000e+00 0.000000000000000000e+00 0.000000000000000000e+00
0.000000000000000000e+00 0.000000000000000000e+00 0.000000000000000000e+00
0.000000000000000000e+00 0.000000000000000000e+00 0.000000000000000000e+00
0.000000000000000000e+00 0.000000000000000000e+00 0.000000000000000000e+00
0.000000000000000000e+00 0.000000000000000000e+00 0.000000000000000000e+00
0.000000000000000000e+00 0.000000000000000000e+00 0.000000000000000000e+00
0.000000000000000000e+00 0.000000000000000000e+00 0.000000000000000000e+00
0.000000000000000000e+00 0.000000000000000000e+00 0.000000000000000000e+00
0.000000000000000000e+00 0.000000000000000000e+00 0.000000000000000000e+00
0.000000000000000000e+00 0.000000000000000000e+00 0.000000000000000000e+00
0.000000000000000000e+00 0.000000000000000000e+00 0.000000000000000000e+00
0.000000000000000000e+00 0.000000000000000000e+00 0.000000000000000000e+00
0.000000000000000000e+00 0.000000000000000000e+00 0.000000000000000000e+00
0.000000000000000000e+00 0.000000000000000000e+00 0.000000000000000000e+00
0.000000000000000000e+00 0.000000000000000000e+00 0.000000000000000000e+00
0.000000000000000000e+00 0.000000000000000000e+00 0.000000000000000000e+00
0.000000000000000000e+00 0.000000000000000000e+00 0.000000000000000000e+00
0.000000000000000000e+00 0.000000000000000000e+00 0.000000000000000000e+00
0.000000000000000000e+00 0.000000000000000000e+00 0.000000000000000000e+00
0.000000000000000000e+00 0.000000000000000000e+00 0.000000000000000000e+00
0.000000000000000000e+00 0.000000000000000000e+00 0.000000000000000000e+00
0.000000000000000000e+00 0.000000000000000000e+00 0.000000000000000000e+00
0.000000000000000000e+00 0.000000000000000000e+00 0.000000000000000000e+00
0.000000000000000000e+00 0.000000000000000000e+00 0.000000000000000000e+00
0.000000000000000000e+00 0.000000000000000000e+00 0.000000000000000000e+00
0.000000000000000000e+00 0.000000000000000000e+00 0.000000000000000000e+00
