0.000000000000000000e+00 0.000000000000000000e+00 0.000000000000000000e+00 0.000000000000000000e+00
4.000000000000000083e-03 9.753802063691078671e-04 1.892355083718406114e-07 9.755694418774797259e-04
8.000000000000000167e-03 3.751440170275777402e-03 2.740785932524893910e-06 3.754180956208302399e-03
1.200000000000000025e-02 8.120624521035409160e-03 1.259959325676867279e-05 8.133224114292177814e-03
1.600000000000000033e-02 1.390771850683448704e-02 3.632013363112483349e-05 1.394403864046561171e-02
2.000000000000000042e-02 2.096316989361491842e-02 8.122145679784430184e-05 2.104439135041276387e-02
2.400000000000000050e-02 2.915807789938205247e-02 1.548743409050421188e-04 2.931295224028709553e-02
2.800000000000000058e-02 3.838039354898067912e-02 2.647905788506387990e-04 3.864518412783132101e-02
3.200000000000000067e-02 4.853198524118314955e-02 4.182375373695971306e-04 4.895022277855274467e-02
3.600000000000000422e-02 5.952633833121903639e-02 6.221313911245411176e-04 6.014846972234357686e-02
4.000000000000000083e-02 7.128672755800849470e-02 8.829801763425405110e-04 7.216970773435103792e-02
4.399999999999999745e-02 8.374474768999028151e-02 1.206858479165507292e-03 8.495160616915578555e-02
4.800000000000000100e-02 9.683911939984803097e-02 1.599402135640548258e-03 9.843852153548858508e-02
5.200000000000000455e-02 1.105147093119454027e-01 2.065815431749725740e-03 1.125805247436951345e-01
5.600000000000000117e-02 1.247217186605510814e-01 2.610885896232453124e-03 1.273326045567835241e-01
5.999999999999999778e-02 1.394150060522196533e-01 3.239003518144992905e-03 1.426540095703646427e-01
6.400000000000000133e-02 1.545535179920728419e-01 3.954182242137306395e-03 1.585077002342101526e-01
6.800000000000000488e-02 1.700998067055872198e-01 4.760082414322562919e-03 1.748598891199097949e-01
7.200000000000000844e-02 1.860196193023747613e-01 5.660033275252357443e-03 1.916796525776271187e-01
7.599999999999999811e-02 2.022815456674962320e-01 6.657054946248815337e-03 2.089386006137450569e-01
8.000000000000000167e-02 2.188567150394480354e-01 7.753879567746484354e-03 2.266105946071945154e-01
8.400000000000000522e-02 2.357185332188179161e-01 8.952971389595174370e-03 2.446715046084130818e-01
8.799999999999999489e-02 2.528424538859471715e-01 1.025654571699080066e-02 2.630989996029379774e-01
9.199999999999999845e-02 2.702057787198445249e-01 1.166658667534034056e-02 2.818723653951848429e-01
9.600000000000000200e-02 2.877874819656796035e-01 1.318486380043898398e-02 3.009723457661185875e-01
1.000000000000000056e-01 3.055680558640774258e-01 1.481294748322931759e-02 3.203810033473067365e-01
1.040000000000000091e-01 3.235293739354606624e-01 1.655222334547131607e-02 3.400815972809319576e-01
1.079999999999999988e-01 3.416545697016088456e-01 1.840390553954571184e-02 3.600584752411545297e-01
1.120000000000000023e-01 3.599279286698157110e-01 2.036904912010941218e-02 3.802969777899251058e-01
1.160000000000000059e-01 3.783347918912843277e-01 2.244856149115111166e-02 4.007833533824354255e-01
1.199999999999999956e-01 3.968614695784777879e-01 2.464321301499113395e-02 4.215046825934689045e-01
1.239999999999999991e-01 4.154951635222610129e-01 2.695364684152329673e-02 4.424488103637843062e-01
1.280000000000000027e-01 4.342238972291301846e-01 2.938038801620909690e-02 4.636042852453392538e-01
1.320000000000000062e-01 4.530364528535429369e-01 3.192385192144931577e-02 4.849603047749922458e-01
1.360000000000000098e-01 4.719223141288434453e-01 3.458435210342668265e-02 5.065066662322701418e-01
1.400000000000000133e-01 4.908716146099982858e-01 3.736210753162329951e-02 5.282337221416215645e-01
1.440000000000000169e-01 5.098750906310274278e-01 4.025724933691475493e-02 5.501323399679421966e-01
1.479999999999999927e-01 5.289240384629070313e-01 4.326982706571055187e-02 5.721938655286176179e-01
1.519999999999999962e-01 5.480102752164771607e-01 4.639981449199731545e-02 5.944100897084745316e-01
1.559999999999999998e-01 5.671261030986234353e-01 4.964711501882170669e-02 6.167732181174451211e-01
1.600000000000000033e-01 5.862642766727540478e-01 5.301156670398117499e-02 6.392758433767352644e-01
1.640000000000000069e-01 6.054179728255253412e-01 5.649294693255028227e-02 6.619109197580755888e-01
1.680000000000000104e-01 6.245807631623676581e-01 6.009097677228449064e-02 6.846717399346521349e-01
1.720000000000000140e-01 6.437465886017235128e-01 6.380532502905968129e-02 7.075519136307831802e-01
1.759999999999999898e-01 6.629097359553349778e-01 6.763561202752134405e-02 7.305453479828563079e-01
1.799999999999999933e-01 6.820648163831969368e-01 7.158141306215186350e-02 7.536462294453487587e-01
1.839999999999999969e-01 7.012067451010622898e-01 7.564226199344925572e-02 7.768490070945115455e-01
1.880000000000000004e-01 7.203307233368161366e-01 7.981765386333693202e-02 8.001483772001530825e-01
1.920000000000000040e-01 7.394322208767980520e-01 8.410704806913266163e-02 8.235392689459306581e-01
1.960000000000000075e-01 7.585069602269501887e-01 8.850987097121404412e-02 8.470168311981642884e-01
2.000000000000000111e-01 7.775509018248625281e-01 9.302551840226447322e-02 8.705764202271270014e-01
2.040000000000000147e-01 7.965602303039784893e-01 9.765335799496310809e-02 8.942135882989415974e-01
2.080000000000000182e-01 8.155313416115280711e-01 1.023927314508367575e-01 9.179240730623647870e-01
2.119999999999999940e-01 8.344608311750802976e-01 1.072429564888857795e-01 9.417037876639661187e-01
2.159999999999999976e-01 8.533454826540429750e-01 1.122033288770591525e-01 9.655488115311021691e-01
2.200000000000000011e-01 8.721822576920931214e-01 1.172731240750867904e-01 9.894553817671799534e-01
2.240000000000000047e-01 8.909682859649223907e-01 1.224515991446433194e-01 1.013419885109565710e+00
2.280000000000000082e-01 9.097008562197844705e-01 1.277379941882652581e-01 1.037438850408049618e+00
2.320000000000000118e-01 9.283774077079496312e-01 1.331315338711796803e-01 1.061508941579129228e+00
2.360000000000000153e-01 9.469955221714378979e-01 1.386314288309755394e-01 1.085626951002413465e+00
2.399999999999999911e-01 9.655529163721142671e-01 1.442368769529915051e-01 1.109789793325105745e+00
2.439999999999999947e-01 9.840474350537758985e-01 1.499470645862862050e-01 1.133994499640062159e+00
2.479999999999999982e-01 1.002477044235920323e+00 1.557611677818119267e-01 1.158238212017732138e+00
2.520000000000000018e-01 1.020839825055852801e+00 1.616783533045642318e-01 1.182518178360417060e+00
2.560000000000000053e-01 1.039133967902096334e+00 1.676977796520097153e-01 1.206831747554105938e+00
2.600000000000000089e-01 1.057357766880084871e+00 1.738185980221486349e-01 1.231176364902233589e+00
2.640000000000000124e-01 1.075509614612482290e+00 1.800399532055689533e-01 1.255549567818051271e+00
2.680000000000000160e-01 1.093587997362042596e+00 1.863609843967996560e-01 1.279948981758842308e+00
2.720000000000000195e-01 1.111591490288937667e+00 1.927808260957173669e-01 1.304372316384655006e+00
2.760000000000000231e-01 1.129518753244155516e+00 1.992986086857672923e-01 1.328817361929922836e+00
2.800000000000000266e-01 1.147368526529668031e+00 2.059134592359234683e-01 1.353281985765591555e+00
2.840000000000000302e-01 1.165139624822272291e+00 2.126245043277025515e-01 1.377764129149974925e+00
2.880000000000000338e-01 1.182830942244883277e+00 2.194308618989788962e-01 1.402261804143862145e+00
2.919999999999999818e-01 1.200441435772780396e+00 2.263316549361233665e-01 1.426773090708903791e+00
2.959999999999999853e-01 1.217970130625618541e+00 2.333260032855291599e-01 1.451296133911147646e+00
2.999999999999999889e-01 1.235416114959731804e+00 2.404130263510139698e-01 1.475829141310745829e+00
3.039999999999999925e-01 1.252778536899439077e+00 2.475918435616349667e-01 1.500370380461073960e+00
3.079999999999999960e-01 1.270056601718110967e+00 2.548615748185505403e-01 1.524918176536661507e+00
3.119999999999999996e-01 1.287249569164911067e+00 2.622213409125865868e-01 1.549470910077497710e+00
3.160000000000000031e-01 1.304356750927109676e+00 2.696702639161766557e-01 1.574027014843286221e+00
3.200000000000000067e-01 1.321377508244271137e+00 2.772074675263657695e-01 1.598584975770636962e+00
3.240000000000000102e-01 1.338311249522285973e+00 2.848320775056364385e-01 1.623143327027922300e+00
3.280000000000000138e-01 1.355157428305630241e+00 2.925432218545527263e-01 1.647700650160182967e+00
3.320000000000000173e-01 1.371915541109260284e+00 3.003400312140967476e-01 1.672255572323356976e+00
3.360000000000000209e-01 1.388585125476766491e+00 3.082216391202348693e-01 1.696806764597001305e+00
3.400000000000000244e-01 1.405165758130254794e+00 3.161871822451740588e-01 1.721352940375428853e+00
3.440000000000000280e-01 1.421657053107175495e+00 3.242358007243492657e-01 1.745892853831524816e+00
3.480000000000000315e-01 1.438058660185342008e+00 3.323666382628048810e-01 1.770425298448147000e+00
3.519999999999999796e-01 1.454370263188162982e+00 3.405788424285185467e-01 1.794949105616681528e+00
3.559999999999999831e-01 1.470591578465739291e+00 3.488715648291944582e-01 1.819463143294933749e+00
3.599999999999999867e-01 1.486722353427930576e+00 3.572439612965187528e-01 1.843966314724449385e+00
3.639999999999999902e-01 1.502762365106178777e+00 3.656951920965660352e-01 1.868457557202744868e+00
3.679999999999999938e-01 1.518711418998560214e+00 3.742244219087806356e-01 1.892935840907340905e+00
3.719999999999999973e-01 1.534569347486894664e+00 3.828308202852384601e-01 1.917400167772133068e+00
3.760000000000000009e-01 1.550336008888407058e+00 3.915135615165091787e-01 1.941849570404916125e+00
3.800000000000000044e-01 1.566011286186150375e+00 4.002718248706721993e-01 1.966283111056822630e+00
3.840000000000000080e-01 1.581595085947169244e+00 4.091047946820711156e-01 1.990699880629240415e+00
3.880000000000000115e-01 1.597087337254445405e+00 4.180116604687501014e-01 2.015098997723195673e+00
3.920000000000000151e-01 1.612487990710193442e+00 4.269916170162332270e-01 2.039479607726426558e+00
3.960000000000000187e-01 1.627797017470159702e+00 4.360438644673061970e-01 2.063840881937466065e+00
4.000000000000000222e-01 1.643014408313161701e+00 4.451676084111670373e-01 2.088182016724328793e+00
4.040000000000000258e-01 1.658140172784742017e+00 4.543620599310992381e-01 2.112502232715841366e+00
4.080000000000000293e-01 1.673174338299734387e+00 4.636264357258958468e-01 2.136800774025630290e+00
4.120000000000000329e-01 1.688116949416129664e+00 4.729599580881750365e-01 2.161076907504304589e+00
4.160000000000000364e-01 1.702968066997028407e+00 4.823618550256850712e-01 2.185329922022713589e+00
4.199999999999999845e-01 1.717727767523608673e+00 4.918313602576380172e-01 2.209559127781246524e+00
4.239999999999999880e-01 1.732396142361385616e+00 5.013677132829420513e-01 2.233763855644327556e+00
4.279999999999999916e-01 1.746973297094210675e+00 5.109701594072533215e-01 2.257943456501464219e+00
4.319999999999999951e-01 1.761459350877992325e+00 5.206379497733444328e-01 2.282097300651336980e+00
4.359999999999999987e-01 1.775854435822394439e+00 5.303703413861582394e-01 2.306224777208552901e+00
4.400000000000000022e-01 1.790158696399354987e+00 5.401665971329370208e-01 2.330325293532292008e+00
4.440000000000000058e-01 1.804372288876243458e+00 5.500259857994964641e-01 2.354398274675739700e+00
4.480000000000000093e-01 1.818495380770711156e+00 5.599477820843956621e-01 2.378443162855107040e+00
4.520000000000000129e-01 1.832528150338493145e+00 5.699312665994225036e-01 2.402459416937915648e+00
4.560000000000000164e-01 1.846470786052853974e+00 5.799757258966644624e-01 2.426446511949518658e+00
4.600000000000000200e-01 1.860323486154124240e+00 5.900804524423007846e-01 2.450403938596425135e+00
4.640000000000000235e-01 1.874086458172322445e+00 6.002447446348861959e-01 2.474331202807208641e+00
4.680000000000000271e-01 1.887759918493532307e+00 6.104679067950283811e-01 2.498227825288560577e+00
4.720000000000000306e-01 1.901344091936057135e+00 6.207492491609365448e-01 2.522093341096993679e+00
4.760000000000000342e-01 1.914839211346050396e+00 6.310880878791377269e-01 2.545927299225188012e+00
4.799999999999999822e-01 1.928245517202055170e+00 6.414837449999436503e-01 2.569729262201998932e+00
4.839999999999999858e-01 1.941563257253190233e+00 6.519355484532111111e-01 2.593498805706401455e+00
4.879999999999999893e-01 1.954792686168586480e+00 6.624428320253147318e-01 2.617235518193901100e+00
4.919999999999999929e-01 1.967934065146337730e+00 6.730049353893892139e-01 2.640939000535726944e+00
4.959999999999999964e-01 1.980987661627473528e+00 6.836212040412807944e-01 2.664608865668754323e+00
5.000000000000000000e-01 1.993953748974110818e+00 6.942909892838593500e-01 2.688244738257970390e+00
5.040000000000000036e-01 2.006832606087974202e+00 7.050136482813182948e-01 2.711846254369292275e+00
5.080000000000000071e-01 2.019624517222433635e+00 7.157885439288096396e-01 2.735413061151243497e+00
5.120000000000000107e-01 2.032329771619647119e+00 7.266150449099217923e-01 2.758944816529568911e+00
5.160000000000000142e-01 2.044948663246581866e+00 7.374925256614003333e-01 2.782441188907982088e+00
5.200000000000000178e-01 2.057481490521527512e+00 7.484203663577063681e-01 2.805901856879233769e+00
5.240000000000000213e-01 2.069928556045921297e+00 7.593979528983715310e-01 2.829326508944292939e+00
5.280000000000000249e-01 2.082290166341777660e+00 7.704246768972737858e-01 2.852714843239051667e+00
5.320000000000000284e-01 2.094566631575589088e+00 7.814999356927423424e-01 2.876066567268331653e+00
5.360000000000000320e-01 2.106758265360119342e+00 7.926231322861760908e-01 2.899381397646295433e+00
5.400000000000000355e-01 2.118865384405760999e+00 8.037936754372442261e-01 2.922659059843005114e+00
5.440000000000000391e-01 2.130888308310902257e+00 8.150109796242360760e-01 2.945899287935138222e+00
5.480000000000000426e-01 2.142827359284683819e+00 8.262744650769517918e-01 2.969101824361635611e+00
5.520000000000000462e-01 2.154682861856829224e+00 8.375835578247041724e-01 2.992266419681533396e+00
5.560000000000000497e-01 2.166455142579225335e+00 8.489376897544744782e-01 3.015392832333700035e+00
5.600000000000000533e-01 2.178144529700462684e+00 8.603362986952859393e-01 3.038480828395748734e+00
5.640000000000000568e-01 2.189751352807876472e+00 8.717788285327492392e-01 3.061530181340625489e+00
5.680000000000000604e-01 2.201275942425422905e+00 8.832647293623672180e-01 3.084540671787790345e+00
5.720000000000000639e-01 2.212718629549103699e+00 8.947934576957675690e-01 3.107512087244871157e+00
5.760000000000000675e-01 2.224079745108001216e+00 9.063644767279179781e-01 3.130444221835919194e+00
5.799999999999999600e-01 2.235359619316272362e+00 9.179772566922650423e-01 3.153336876008537182e+00
5.839999999999999636e-01 2.246558580912167979e+00 9.296312753006458207e-01 3.176189856212813911e+00
5.879999999999999671e-01 2.257676956106198229e+00 9.413260184336810221e-01 3.199002974539879141e+00
5.919999999999999707e-01 2.268715067495377546e+00 9.530609808088031931e-01 3.221776048304180851e+00
5.959999999999999742e-01 2.279673232486121748e+00 9.648356670658788659e-01 3.244508899552000614e+00
5.999999999999999778e-01 2.290551761316982571e+00 9.766495931472551906e-01 3.267201354464237539e+00
6.039999999999999813e-01 2.301350954575887453e+00 9.885022880418621316e-01 3.289853242617749807e+00
6.079999999999999849e-01 2.312071099933772800e+00 1.000393296119413078e+00 3.312464396053186100e+00
6.119999999999999885e-01 2.322712467823873084e+00 1.012322180252400505e+00 3.335034648076273811e+00
6.159999999999999920e-01 2.333275305834959568e+00 1.024288525857827370e+00 3.357563831692786938e+00
6.199999999999999956e-01 2.343759831164643703e+00 1.036291946374995110e+00 3.380051777539638813e+00
6.239999999999999991e-01 2.354166220599510861e+00 1.048332090516742809e+00 3.402498311116253671e+00
6.280000000000000027e-01 2.364494597001967957e+00 1.060408652042543753e+00 3.424903249044511711e+00
6.320000000000000062e-01 2.374745011123096550e+00 1.072521382849212168e+00 3.447266393972308940e+00
6.360000000000000098e-01 2.384917416820626634e+00 1.084670110754248906e+00 3.469587527574875541e+00
6.400000000000000133e-01 2.395011637256020176e+00 1.096854763620272566e+00 3.491866400876292964e+00
6.440000000000000169e-01 2.405027318483149656e+00 1.109075402295692570e+00 3.514102720778842226e+00
6.480000000000000204e-01 2.414963865415303168e+00 1.121332265784275695e+00 3.536296131199578863e+00
6.520000000000000240e-01 2.424820353026312603e+00 1.133625833475324640e+00 3.558446186501637243e+00
6.560000000000000275e-01 2.434595402465512315e+00 1.145956911395178413e+00 3.580552313860690727e+00
6.600000000000000311e-01 2.444287007721142935e+00 1.158326751948746125e+00 3.602613759669889060e+00
6.640000000000000346e-01 2.453892291258213287e+00 1.170737221527707428e+00 3.624629512785920937e+00
6.680000000000000382e-01 2.463491970623228333e+00 1.183106301713139796e+00 3.646598272336368129e+00
6.720000000000000417e-01 2.472904014366021919e+00 1.195613353184169059e+00 3.668517367550190755e+00
6.760000000000000453e-01 2.482232737316976579e+00 1.208151733530737015e+00 3.690384470847713594e+00
6.800000000000000488e-01 2.491324863096302522e+00 1.220871027007431664e+00 3.712195890103734186e+00
6.840000000000000524e-01 2.500070546625815293e+00 1.233877309695282642e+00 3.733947856321098158e+00
6.880000000000000560e-01 2.508607503900691427e+00 1.247029953803318048e+00 3.755637457704009474e+00
6.920000000000000595e-01 2.516797362413304651e+00 1.260462951865755743e+00 3.777260314279060616e+00
6.960000000000000631e-01 2.524616403211823012e+00 1.274195639910351341e+00 3.798812043122174131e+00
7.000000000000000666e-01 2.531557195795836268e+00 1.288729455102844978e+00 3.820286650898681025e+00
7.039999999999999591e-01 2.538382755384028133e+00 1.303300453539492310e+00 3.841683208923520443e+00
7.079999999999999627e-01 2.544744634063126121e+00 1.318249880310878419e+00 3.862994514374004318e+00
7.119999999999999662e-01 2.550550766384925172e+00 1.333662614845585903e+00 3.884213381230511075e+00
7.159999999999999698e-01 2.555768330800052723e+00 1.349564072596876718e+00 3.905332403396929664e+00
7.199999999999999734e-01 2.560328428982925342e+00 1.366014542824627975e+00 3.926342971807553539e+00
7.239999999999999769e-01 2.564216420801922691e+00 1.383018790638565365e+00 3.947235211440488278e+00
7.279999999999999805e-01 2.567253173756061546e+00 1.400743960303264757e+00 3.967997134059326303e+00
7.319999999999999840e-01 2.569355063352908530e+00 1.419260204985959062e+00 3.988615268338867814e+00
7.359999999999999876e-01 2.570461991979013039e+00 1.438612133112432412e+00 4.009074125091445673e+00
7.399999999999999911e-01 2.570445497605191143e+00 1.458909733407717679e+00 4.029355231012909044e+00
7.439999999999999947e-01 2.569153920984079686e+00 1.480282809165298641e+00 4.049436730149378327e+00
7.479999999999999982e-01 2.566481628925521008e+00 1.502811360815792696e+00 4.069292989741313704e+00
7.520000000000000018e-01 2.562230795581023735e+00 1.526661736140523473e+00 4.088892531721547208e+00
7.560000000000000053e-01 2.556173664242055388e+00 1.552022600426774090e+00 4.108196264668829478e+00
7.600000000000000089e-01 2.525842575754974284e+00 1.599977725414098328e+00 4.125820301169072835e+00
7.640000000000000124e-01 2.295940818599045308e+00 1.829147319510890934e+00 4.125088138109935798e+00
7.680000000000000160e-01 2.194497436996358353e+00 1.937839652138757529e+00 4.132337089135115882e+00
7.720000000000000195e-01 2.154131255789313304e+00 1.990874108128873221e+00 4.145005363918186525e+00
7.760000000000000231e-01 2.115185588063332567e+00 2.042417070423289793e+00 4.157602658486622360e+00
7.800000000000000266e-01 2.078849446693974201e+00 2.091431259780709873e+00 4.170280706474684074e+00
7.840000000000000302e-01 2.067647225334454664e+00 2.117131770096356558e+00 4.184778995430811221e+00
7.880000000000000338e-01 2.034751632131548860e+00 2.162761069643402756e+00 4.197512701774951616e+00
7.920000000000000373e-01 2.024829761144784968e+00 2.187001017092176980e+00 4.211830778236961947e+00
7.960000000000000409e-01 2.014465729612368694e+00 2.211587213314127887e+00 4.226052942926497025e+00
8.000000000000000444e-01 2.004243858740049511e+00 2.235934011507480612e+00 4.240177870247530123e+00
8.040000000000000480e-01 1.994315902893836867e+00 2.259904065147280594e+00 4.254219968041117461e+00
8.080000000000000515e-01 1.984885825561182093e+00 2.283307418494644470e+00 4.268193244055826341e+00
8.120000000000000551e-01 1.975997141094072207e+00 2.306133636023691036e+00 4.282130777117763465e+00
8.160000000000000586e-01 1.967576100443581444e+00 2.328455985642250425e+00 4.296032086085832091e+00
8.200000000000000622e-01 1.959696684528773769e+00 2.350211532688855964e+00 4.309908217217629733e+00
8.240000000000000657e-01 1.952526544502622752e+00 2.371241468678638942e+00 4.323768013181261693e+00
8.280000000000000693e-01 1.946010865380234600e+00 2.391598967982370372e+00 4.337609833362605194e+00
8.320000000000000728e-01 1.940153352258262576e+00 2.411274835104491032e+00 4.351428187362753164e+00
8.359999999999999654e-01 1.934876767601489300e+00 2.430349583795916590e+00 4.365226351397406113e+00
8.399999999999999689e-01 1.930136014474177264e+00 2.448872262558897006e+00 4.379008277033074492e+00
8.439999999999999725e-01 1.925922095582783600e+00 2.466853351768954372e+00 4.392775447351738194e+00
8.479999999999999760e-01 1.922229999337870199e+00 2.484296297560052658e+00 4.406526296897922634e+00
8.519999999999999796e-01 1.919012682074391130e+00 2.501246964369657100e+00 4.420259646444048229e+00
8.559999999999999831e-01 1.916242675991307376e+00 2.517735709103384512e+00 4.433978385094691888e+00
8.599999999999999867e-01 1.913988531313103092e+00 2.533694436290082397e+00 4.447682967603185489e+00
8.639999999999999902e-01 1.912213733831361173e+00 2.549155641450157717e+00 4.461369375281519112e+00
8.679999999999999938e-01 1.910845044648813662e+00 2.564189436558661495e+00 4.475034481207474713e+00
8.719999999999999973e-01 1.909852401437377445e+00 2.578826685198657209e+00 4.488679086636034654e+00
8.760000000000000009e-01 1.909177654377055111e+00 2.593124763639639951e+00 4.502302418016695285e+00
8.800000000000000044e-01 1.908806134245537578e+00 2.607097484014290423e+00 4.515903618259828001e+00
8.840000000000000080e-01 1.908723655959175147e+00 2.620759838873552905e+00 4.529483494832728496e+00
8.880000000000000115e-01 1.908920456468503835e+00 2.634122921704430631e+00 4.543043378172934688e+00
8.920000000000000151e-01 1.909373456442151396e+00 2.647209199095012178e+00 4.556582655537163795e+00
8.960000000000000187e-01 1.910077981049388862e+00 2.660020474457370554e+00 4.570098455506759194e+00
9.000000000000000222e-01 1.910982192908768251e+00 2.672607762528038222e+00 4.583589955436806918e+00
9.040000000000000258e-01 1.912103853172444357e+00 2.684955437114211030e+00 4.597059290286654942e+00
9.080000000000000293e-01 1.913420222105285839e+00 2.697087710116821135e+00 4.610507932222106753e+00
9.120000000000000329e-01 1.914946965935969247e+00 2.708988310839585356e+00 4.623935276775554826e+00
9.160000000000000364e-01 1.916895262471645545e+00 2.720445480186653775e+00 4.637340742658299320e+00
9.200000000000000400e-01 1.918663573861591143e+00 2.732058484969971168e+00 4.650722058831561867e+00
9.240000000000000435e-01 1.920492880296664318e+00 2.743587523655850902e+00 4.664080403952515219e+00
9.280000000000000471e-01 1.922853858454603104e+00 2.754565725411648458e+00 4.677419583866251784e+00
9.320000000000000506e-01 1.925050405334771231e+00 2.765686836580496522e+00 4.690737241915267752e+00
9.360000000000000542e-01 1.927531293942016610e+00 2.776502731321108808e+00 4.704034025263124974e+00
9.400000000000000577e-01 1.930030426551874845e+00 2.787278745282099290e+00 4.717309171833973913e+00
9.440000000000000613e-01 1.932675562405450798e+00 2.797887662805062625e+00 4.730563225210513423e+00
9.480000000000000648e-01 1.935454657147969604e+00 2.808342042099016389e+00 4.743796699246986215e+00
9.520000000000000684e-01 1.938271702148421038e+00 2.818737874518177033e+00 4.757009576666598072e+00
9.560000000000000719e-01 1.941200436674757057e+00 2.829000493467626054e+00 4.770200930142383555e+00
9.599999999999999645e-01 1.944209755358263347e+00 2.839160308648286613e+00 4.783370064006549960e+00
9.639999999999999680e-01 1.947385008180428478e+00 2.849132747718390757e+00 4.796517755898818791e+00
9.679999999999999716e-01 1.950617878675680705e+00 2.859027124556073218e+00 4.809645003231754146e+00
9.719999999999999751e-01 1.954001207103645665e+00 2.868752273026502486e+00 4.822753480130147707e+00
9.759999999999999787e-01 1.957399949968856134e+00 2.878444602453909873e+00 4.835844552422766007e+00
9.799999999999999822e-01 1.960905314401383048e+00 2.888013004299678332e+00 4.848918318701061381e+00
9.839999999999999858e-01 1.964400945309075608e+00 2.897572625970276761e+00 4.861973571279352591e+00
9.879999999999999893e-01 1.968024965367633827e+00 2.906985517955091414e+00 4.875010483322725463e+00
9.919999999999999929e-01 1.971654760014404983e+00 2.916374028190082512e+00 4.888028788204487718e+00
9.959999999999999964e-01 1.975377258485645715e+00 2.925651098635844161e+00 4.901028357121489876e+00
1.000000000000000000e+00 1.979041777427382520e+00 2.934967125219415163e+00 4.914008902646797239e+00
1.004000000000000004e+00 1.982767451939249082e+00 2.944202828269141925e+00 4.926970280208390562e+00
1.008000000000000007e+00 1.986390535339049412e+00 2.953521056123637578e+00 4.939911591462687213e+00
1.012000000000000011e+00 1.990123068302836806e+00 2.962711094007132395e+00 4.952834162309969201e+00
1.016000000000000014e+00 1.993796637894848844e+00 2.971942605883400201e+00 4.965739243778249268e+00
1.020000000000000018e+00 1.997623676580576602e+00 2.981003653279900245e+00 4.978627329860477069e+00
1.024000000000000021e+00 2.001371327490489183e+00 2.990126418829393895e+00 4.991497746319883078e+00
1.028000000000000025e+00 2.005237257148486663e+00 2.999113293905479427e+00 5.004350551053965646e+00
1.032000000000000028e+00 2.008981270694317978e+00 3.008204189045613930e+00 5.017185459739931908e+00
1.036000000000000032e+00 2.012846387422646544e+00 3.017156704274709611e+00 5.030003091697356155e+00
1.040000000000000036e+00 2.016591436465269727e+00 3.026212096474356628e+00 5.042803532939625910e+00
1.044000000000000039e+00 2.020433684050850331e+00 3.035153352815585404e+00 5.055587036866436179e+00
1.048000000000000043e+00 2.024138340269539427e+00 3.044214978109121894e+00 5.068353318378661321e+00
1.052000000000000046e+00 2.027923047590417749e+00 3.053179319436415184e+00 5.081102367026833377e+00
1.056000000000000050e+00 2.031531729771668626e+00 3.062301957614449233e+00 5.093833687386117859e+00
1.060000000000000053e+00 2.035157607394288526e+00 3.071389186884405209e+00 5.106546794278694179e+00
1.064000000000000057e+00 2.038588888746309724e+00 3.080649955785532690e+00 5.119238844531842858e+00
1.068000000000000060e+00 2.042054861419550171e+00 3.089850715505386258e+00 5.131905576924935986e+00
1.072000000000000064e+00 2.045439993906564613e+00 3.099109535879207566e+00 5.144549529785772179e+00
1.076000000000000068e+00 2.048980445511357384e+00 3.108195325824826938e+00 5.157175771336184766e+00
1.080000000000000071e+00 2.052491466368748796e+00 3.117293537204661735e+00 5.169785003573410975e+00
1.084000000000000075e+00 2.056087315560933604e+00 3.126289592097730274e+00 5.182376907658664322e+00
1.088000000000000078e+00 2.059635219517654825e+00 3.135316208822207518e+00 5.194951428339862787e+00
1.092000000000000082e+00 2.063225114098941937e+00 3.144283524173513644e+00 5.207508638272456025e+00
1.096000000000000085e+00 2.066727047693231789e+00 3.153321467294964098e+00 5.220048514988196331e+00
1.100000000000000089e+00 2.070234627625800350e+00 3.162337003336245900e+00 5.232571630962046250e+00
1.104000000000000092e+00 2.073608747040781353e+00 3.171468293492249568e+00 5.245077040533031365e+00
1.108000000000000096e+00 2.077009621078816703e+00 3.180553216639719682e+00 5.257562837718536386e+00
1.112000000000000099e+00 2.080315472439056457e+00 3.189712952767991716e+00 5.270028425207048173e+00
1.116000000000000103e+00 2.083642098034545143e+00 3.198832208295447899e+00 5.282474306329993041e+00
1.120000000000000107e+00 2.086877704650809573e+00 3.208022390003663293e+00 5.294900094654472866e+00
1.124000000000000110e+00 2.090139680146558820e+00 3.217165634308165156e+00 5.307305314454723977e+00
1.128000000000000114e+00 2.093319207187002373e+00 3.226370730478292703e+00 5.319689937665295076e+00
1.132000000000000117e+00 2.096533932383072507e+00 3.235520841833266381e+00 5.332054774216338444e+00
1.136000000000000121e+00 2.099693574554171160e+00 3.244706375161218403e+00 5.344399949715390008e+00
1.140000000000000124e+00 2.102875249821276604e+00 3.253850236311458755e+00 5.356725486132734915e+00
1.144000000000000128e+00 2.105950516991386579e+00 3.263080577919140968e+00 5.369031094910527102e+00
1.148000000000000131e+00 2.109019708245588376e+00 3.272297422964567826e+00 5.381317131210156646e+00
1.152000000000000135e+00 2.112016995586392998e+00 3.281566654250521076e+00 5.393583649836914518e+00
1.155999999999999917e+00 2.114999853889920178e+00 3.290830415418222632e+00 5.405830269308142810e+00
1.159999999999999920e+00 2.117904244055303309e+00 3.300152070723068931e+00 5.418056314778372240e+00
1.163999999999999924e+00 2.120780273735017207e+00 3.309481137169439258e+00 5.430261410904456909e+00
1.167999999999999927e+00 2.123558547655866935e+00 3.318886626695258801e+00 5.442445174351125736e+00
1.171999999999999931e+00 2.126315547530630123e+00 3.328291874322974575e+00 5.454607421853604698e+00
1.175999999999999934e+00 2.128947740874206129e+00 3.337800021150138186e+00 5.466747762024343871e+00
1.179999999999999938e+00 2.131544478707515733e+00 3.347321458867360988e+00 5.478865937574877165e+00
1.183999999999999941e+00 2.134020420756839176e+00 3.356941187598954546e+00 5.490961608355793722e+00
1.187999999999999945e+00 2.136447667856003818e+00 3.366586843163976273e+00 5.503034511019979647e+00
1.191999999999999948e+00 2.138738220889271791e+00 3.376345945792650127e+00 5.515084166681921474e+00
1.195999999999999952e+00 2.140973689453190332e+00 3.386136512360279571e+00 5.527110201813469459e+00
1.199999999999999956e+00 2.143064019540719123e+00 3.396047950060743670e+00 5.539111969601462349e+00
1.203999999999999959e+00 2.145089293810324538e+00 3.405999652373804754e+00 5.551088946184129291e+00
1.207999999999999963e+00 2.146923363077327895e+00 3.416116866040912026e+00 5.563040229118239921e+00
1.211999999999999966e+00 2.148674744426136041e+00 3.426290486735251939e+00 5.574965231161387536e+00
1.215999999999999970e+00 2.150208117668498620e+00 3.436655008137226464e+00 5.586863125805725083e+00
1.219999999999999973e+00 2.151658865177005886e+00 3.447074000219156442e+00 5.598732865396161884e+00
1.223999999999999977e+00 2.152854664449485256e+00 3.457718132938834898e+00 5.610572797388320154e+00
1.227999999999999980e+00 2.153974492608981439e+00 3.468408202807068630e+00 5.622382695416050069e+00
1.231999999999999984e+00 2.154873158657897303e+00 3.479288721216969194e+00 5.634161879874866941e+00
1.235999999999999988e+00 2.155599332980217664e+00 3.490307657906872585e+00 5.645906990887089805e+00
1.239999999999999991e+00 2.156062873832117699e+00 3.501552784067013757e+00 5.657615657899131456e+00
1.243999999999999995e+00 2.156454354175353583e+00 3.512839097958257550e+00 5.669293452133611133e+00
1.247999999999999998e+00 2.156412785029016455e+00 3.524517422224783036e+00 5.680930207253799935e+00
1.252000000000000002e+00 2.156300800531846917e+00 3.536222009383795051e+00 5.692522809915642412e+00
1.256000000000000005e+00 2.156033572048091429e+00 3.548048170039915572e+00 5.704081742088007445e+00
1.260000000000000009e+00 2.155818306312484278e+00 3.559788825581212457e+00 5.715607131893696291e+00
1.264000000000000012e+00 2.155428138644742919e+00 3.571671945749540722e+00 5.727100084394283641e+00
1.268000000000000016e+00 2.155050811471091343e+00 3.583508260438319937e+00 5.738559071909411280e+00
1.272000000000000020e+00 2.154206274796869103e+00 3.595774136195649451e+00 5.749980410992518998e+00
1.276000000000000023e+00 2.153387374324312376e+00 3.607975777245751470e+00 5.761363151570064289e+00
1.280000000000000027e+00 2.152344174584860159e+00 3.620361009140288910e+00 5.772705183725149070e+00
1.284000000000000030e+00 2.151092042151521166e+00 3.632912097736966217e+00 5.784004139888487828e+00
1.288000000000000034e+00 2.149484811156839648e+00 3.645772145373870732e+00 5.795256956530710823e+00
1.292000000000000037e+00 2.147602486049752457e+00 3.658858840038085258e+00 5.806461326087838160e+00
1.296000000000000041e+00 2.145279976806423239e+00 3.672333784776411036e+00 5.817613761582833831e+00
1.300000000000000044e+00 2.142580467885842666e+00 3.686131840721671882e+00 5.828712308607514103e+00
1.304000000000000048e+00 2.139404615630009054e+00 3.700347516363585498e+00 5.839752131993594553e+00
1.308000000000000052e+00 2.135774000837324049e+00 3.714952782485064997e+00 5.850726783322389046e+00
1.312000000000000055e+00 2.131640252836928706e+00 3.729991759036213939e+00 5.861632011873142645e+00
1.316000000000000059e+00 2.126978240449636459e+00 3.745484128025915016e+00 5.872462368475551031e+00
1.320000000000000062e+00 2.121508583444644103e+00 3.761699276217382426e+00 5.883207859662026529e+00
1.324000000000000066e+00 2.115427788159830236e+00 3.778430540688385797e+00 5.893858328848216033e+00
1.328000000000000069e+00 2.108507889019349602e+00 3.795899892939068820e+00 5.904407781958418866e+00
1.332000000000000073e+00 2.100732192471378212e+00 3.814111535239136153e+00 5.914843727710514365e+00
1.336000000000000076e+00 2.091631162591505610e+00 3.833508359450971348e+00 5.925139522042476514e+00
1.340000000000000080e+00 2.081834978302021799e+00 3.853445325972018054e+00 5.935280304274039409e+00
1.344000000000000083e+00 2.070554960153129009e+00 3.874702159098632137e+00 5.945257119251761146e+00
1.348000000000000087e+00 2.057727344067242559e+00 3.897315336571963051e+00 5.955042680639206054e+00
1.352000000000000091e+00 2.043630195923939574e+00 3.920971495967301212e+00 5.964601691891241231e+00
1.356000000000000094e+00 2.028133330951890301e+00 3.945753442636084074e+00 5.973886773587974375e+00
1.360000000000000098e+00 2.010052263842112552e+00 3.972782701912587200e+00 5.982834965754699752e+00
1.364000000000000101e+00 1.963886342419282949e+00 4.025681498095013744e+00 5.989567840514296471e+00
0.000000000000000000e+00 0.000000000000000000e+00 0.000000000000000000e+00 0.000000000000000000e+00
0.000000000000000000e+00 0.000000000000000000e+00 0.000000000000000000e+00 0.000000000000000000e+00
0.000000000000000000e+00 0.000000000000000000e+00 0.000000000000000000e+00 0.000000000000000000e+00
0.000000000000000000e+00 0.000000000000000000e+00 0.000000000000000000e+00 0.000000000000000000e+00
0.000000000000000000e+00 0.000000000000000000e+00 0.000000000000000000e+00 0.000000000000000000e+00
0.000000000000000000e+00 0.000000000000000000e+00 0.000000000000000000e+00 0.000000000000000000e+00
0.000000000000000000e+00 0.000000000000000000e+00 0.000000000000000000e+00 0.000000000000000000e+00
0.000000000000000000e+00 0.000000000000000000e+00 0.000000000000000000e+00 0.000000000000000000e+00
0.000000000000000000e+00 0.000000000000000000e+00 0.000000000000000000e+00 0.000000000000000000e+00
0.000000000000000000e+00 0.000000000000000000e+00 0.000000000000000000e+00 0.000000000000000000e+00
0.000000000000000000e+00 0.000000000000000000e+00 0.000000000000000000e+00 0.000000000000000000e+00
0.000000000000000000e+00 0.000000000000000000e+00 0.000000000000000000e+00 0.000000000000000000e+00
0.000000000000000000e+00 0.000000000000000000e+00 0.000000000000000000e+00 0.000000000000000000e+00
0.000000000000000000e+00 0.000000000000000000e+00 0.000000000000000000e+00 0.000000000000000000e+00
0.000000000000000000e+00 0.000000000000000000e+00 0.000000000000000000e+00 0.000000000000000000e+00
0.000000000000000000e+00 0.000000000000000000e+00 0.000000000000000000e+00 0.000000000000000000e+00
0.000000000000000000e+00 0.000000000000000000e+00 0.000000000000000000e+00 0.000000000000000000e+00
0.000000000000000000e+00 0.000000000000000000e+00 0.000000000000000000e+00 0.000000000000000000e+00
0.000000000000000000e+00 0.000000000000000000e+00 0.000000000000000000e+00 0.000000000000000000e+00
0.000000000000000000e+00 0.000000000000000000e+00 0.000000000000000000e+00 0.000000000000000000e+00
0.000000000000000000e+00 0.000000000000000000e+00 0.000000000000000000e+00 0.000000000000000000e+00
0.000000000000000000e+00 0.000000000000000000e+00 0.000000000000000000e+00 0.000000000000000000e+00
0.000000000000000000e+00 0.000000000000000000e+00 0.000000000000000000e+00 0.000000000000000000e+00
0.000000000000000000e+00 0.000000000000000000e+00 0.000000000000000000e+00 0.000000000000000000e+00
0.000000000000000000e+00 0.000000000000000000e+00 0.000000000000000000e+00 0.000000000000000000e+00
0.000000000000000000e+00 0.000000000000000000e+00 0.000000000000000000e+00 0.000000000000000000e+00
0.000000000000000000e+00 0.000000000000000000e+00 0.000000000000000000e+00 0.000000000000000000e+00
0.000000000000000000e+00 0.000000000000000000e+00 0.000000000000000000e+00 0.000000000000000000e+00
0.000000000000000000e+00 0.000000000000000000e+00 0.000000000000000000e+00 0.000000000000000000e+00
0.000000000000000000e+00 0.000000000000000000e+00 0.000000000000000000e+00 0.000000000000000000e+00
0.000000000000000000e+00 0.000000000000000000e+00 0.000000000000000000e+00 0.000000000000000000e+00
0.000000000000000000e+00 0.000000000000000000e+00 0.000000000000000000e+00 0.000000000000000000e+00
0.000000000000000000e+00 0.000000000000000000e+00 0.000000000000000000e+00 0.000000000000000000e+00
0.000000000000000000e+00 0.000000000000000000e+00 0.000000000000000000e+00 0.000000000000000000e+00
0.000000000000000000e+00 0.000000000000000000e+00 0.000000000000000000e+00 0.000000000000000000e+00
0.000000000000000000e+00 0.000000000000000000e+00 0.000000000000000000e+00 0.000000000000000000e+00
0.000000000000000000e+00 0.000000000000000000e+00 0.000000000000000000e+00 0.000000000000000000e+00
0.000000000000000000e+00 0.000000000000000000e+00 0.000000000000000000e+00 0.000000000000000000e+00
0.000000000000000000e+00 0.000000000000000000e+00 0.000000000000000000e+00 0.000000000000000000e+00
0.000000000000000000e+00 0.000000000000000000e+00 0.000000000000000000e+00 0.000000000000000000e+00
0.000000000000000000e+00 0.000000000000000000e+00 0.000000000000000000e+00 0.000000000000000000e+00
0.000000000000000000e+00 0.000000000000000000e+00 0.000000000000000000e+00 0.000000000000000000e+00
0.000000000000000000e+00 0.000000000000000000e+00 0.000000000000000000e+00 0.000000000000000000e+00
0.000000000000000000e+00 0.000000000000000000e+00 0.000000000000000000e+00 0.000000000000000000e+00
0.000000000000000000e+00 0.000000000000000000e+00 0.000000000000000000e+00 0.000000000000000000e+00
0.000000000000000000e+00 0.000000000000000000e+00 0.000000000000000000e+00 0.000000000000000000e+00
0.000000000000000000e+00 0.000000000000000000e+00 0.000000000000000000e+00 0.000000000000000000e+00
0.000000000000000000e+00 0.000000000000000000e+00 0.000000000000000000e+00 0.000000000000000000e+00
0.000000000000000000e+00 0.000000000000000000e+00 0.000000000000000000e+00 0.000000000000000000e+00
0.000000000000000000e+00 0.000000000000000000e+00 0.000000000000000000e+00 0.000000000000000000e+00
0.000000000000000000e+00 0.000000000000000000e+00 0.000000000000000000e+00 0.000000000000000000e+00
0.000000000000000000e+00 0.000000000000000000e+00 0.000000000000000000e+00 0.000000000000000000e+00
0.000000000000000000e+00 0.000000000000000000e+00 0.000000000000000000e+00 0.000000000000000000e+00
0.000000000000000000e+00 0.000000000000000000e+00 0.000000000000000000e+00 0.000000000000000000e+00
0.000000000000000000e+00 0.000000000000000000e+00 0.000000000000000000e+00 0.000000000000000000e+00
0.000000000000000000e+00 0.000000000000000000e+00 0.000000000000000000e+00 0.000000000000000000e+00
0.000000000000000000e+00 0.000000000000000000e+00 0.000000000000000000e+00 0.000000000000000000e+00
0.000000000000000000e+00 0.000000000000000000e+00 0.000000000000000000e+00 0.000000000000000000e+00
0.000000000000000000e+00 0.000000000000000000e+00 0.000000000000000000e+00 0.000000000000000000e+00
0.000000000000000000e+00 0.000000000000000000e+00 0.000000000000000000e+00 0.000000000000000000e+00
0.000000000000000000e+00 0.000000000000000000e+00 0.000000000000000000e+00 0.000000000000000000e+00
0.000000000000000000e+00 0.000000000000000000e+00 0.000000000000000000e+00 0.000000000000000000e+00
0.000000000000000000e+00 0.000000000000000000e+00 0.000000000000000000e+00 0.000000000000000000e+00
0.000000000000000000e+00 0.000000000000000000e+00 0.000000000000000000e+00 0.000000000000000000e+00
0.000000000000000000e+00 0.000000000000000000e+00 0.000000000000000000e+00 0.000000000000000000e+00
0.000000000000000000e+00 0.000000000000000000e+00 0.000000000000000000e+00 0.000000000000000000e+00
0.000000000000000000e+00 0.000000000000000000e+00 0.000000000000000000e+00 0.000000000000000000e+00
0.000000000000000000e+00 0.000000000000000000e+00 0.000000000000000000e+00 0.000000000000000000e+00
0.000000000000000000e+00 0.000000000000000000e+00 0.000000000000000000e+00 0.000000000000000000e+00
0.000000000000000000e+00 0.000000000000000000e+00 0.000000000000000000e+00 0.000000000000000000e+00
0.000000000000000000e+00 0.000000000000000000e+00 0.000000000000000000e+00 0.000000000000000000e+00
0.000000000000000000e+00 0.000000000000000000e+00 0.000000000000000000e+00 0.000000000000000000e+00
0.000000000000000000e+00 0.000000000000000000e+00 0.000000000000000000e+00 0.000000000000000000e+00
0.000000000000000000e+00 0.000000000000000000e+00 0.000000000000000000e+00 0.000000000000000000e+00
0.000000000000000000e+00 0.000000000000000000e+00 0.000000000000000000e+00 0.000000000000000000e+00
0.000000000000000000e+00 0.000000000000000000e+00 0.000000000000000000e+00 0.000000000000000000e+00
0.000000000000000000e+00 0.000000000000000000e+00 0.000000000000000000e+00 0.000000000000000000e+00
0.000000000000000000e+00 0.000000000000000000e+00 0.000000000000000000e+00 0.000000000000000000e+00
0.000000000000000000e+00 0.000000000000000000e+00 0.000000000000000000e+00 0.000000000000000000e+00
0.000000000000000000e+00 0.000000000000000000e+00 0.000000000000000000e+00 0.000000000000000000e+00
0.000000000000000000e+00 0.000000000000000000e+00 0.000000000000000000e+00 0.000000000000000000e+00
0.000000000000000000e+00 0.000000000000000000e+00 0.000000000000000000e+00 0.000000000000000000e+00
0.000000000000000000e+00 0.000000000000000000e+00 0.000000000000000000e+00 0.000000000000000000e+00
0.000000000000000000e+00 0.000000000000000000e+00 0.000000000000000000e+00 0.000000000000000000e+00
0.000000000000000000e+00 0.000000000000000000e+00 0.000000000000000000e+00 0.000000000000000000e+00
0.000000000000000000e+00 0.000000000000000000e+00 0.000000000000000000e+00 0.000000000000000000e+00
0.000000000000000000e+00 0.000000000000000000e+00 0.000000000000000000e+00 0.000000000000000000e+00
0.000000000000000000e+00 0.000000000000000000e+00 0.000000000000000000e+00 0.000000000000000000e+00
0.000000000000000000e+00 0.000000000000000000e+00 0.000000000000000000e+00 0.000000000000000000e+00
0.000000000000000000e+00 0.000000000000000000e+00 0.000000000000000000e+00 0.000000000000000000e+00
0.000000000000000000e+00 0.000000000000000000e+00 0.000000000000000000e+00 0.000000000000000000e+00
0.000000000000000000e+00 0.000000000000000000e+00 0.000000000000000000e+00 0.000000000000000000e+00
0.000000000000000000e+00 0.000000000000000000e+00 0.000000000000000000e+00 0.000000000000000000e+00
0.000000000000000000e+00 0.000000000000000000e+00 0.000000000000000000e+00 0.000000000000000000e+00
0.000000000000000000e+00 0.000000000000000000e+00 0.000000000000000000e+00 0.000000000000000000e+00
0.000000000000000000e+00 0.000000000000000000e+00 0.000000000000000000e+00 0.000000000000000000e+00
0.000000000000000000e+00 0.000000000000000000e+00 0.000000000000000000e+00 0.000000000000000000e+00
0.000000000000000000e+00 0.000000000000000000e+00 0.000000000000000000e+00 0.000000000000000000e+00
0.000000000000000000e+00 0.000000000000000000e+00 0.000000000000000000e+00 0.000000000000000000e+00
0.000000000000000000e+00 0.000000000000000000e+00 0.000000000000000000e+00 0.000000000000000000e+00
0.000000000000000000e+00 0.000000000000000000e+00 0.000000000000000000e+00 0.000000000000000000e+00
0.000000000000000000e+00 0.000000000000000000e+00 0.000000000000000000e+00 0.000000000000000000e+00
0.000000000000000000e+00 0.000000000000000000e+00 0.000000000000000000e+00 0.000000000000000000e+00
0.000000000000000000e+00 0.000000000000000000e+00 0.000000000000000000e+00 0.000000000000000000e+00
0.000000000000000000e+00 0.000000000000000000e+00 0.000000000000000000e+00 0.000000000000000000e+00
0.000000000000000000e+00 0.000000000000000000e+00 0.000000000000000000e+00 0.000000000000000000e+00
0.000000000000000000e+00 0.000000000000000000e+00 0.000000000000000000e+00 0.000000000000000000e+00
0.000000000000000000e+00 0.000000000000000000e+00 0.000000000000000000e+00 0.000000000000000000e+00
0.000000000000000000e+00 0.000000000000000000e+00 0.000000000000000000e+00 0.000000000000000000e+00
0.000000000000000000e+00 0.000000000000000000e+00 0.000000000000000000e+00 0.000000000000000000e+00
0.000000000000000000e+00 0.000000000000000000e+00 0.000000000000000000e+00 0.000000000000000000e+00
0.000000000000000000e+00 0.000000000000000000e+00 0.000000000000000000e+00 0.000000000000000000e+00
0.000000000000000000e+00 0.000000000000000000e+00 0.000000000000000000e+00 0.000000000000000000e+00
0.000000000000000000e+00 0.000000000000000000e+00 0.000000000000000000e+00 0.000000000000000000e+00
0.000000000000000000e+00 0.000000000000000000e+00 0.000000000000000000e+00 0.000000000000000000e+00
0.000000000000000000e+00 0.000000000000000000e+00 0.000000000000000000e+00 0.000000000000000000e+00
0.000000000000000000e+00 0.000000000000000000e+00 0.000000000000000000e+00 0.000000000000000000e+00
0.000000000000000000e+00 0.000000000000000000e+00 0.000000000000000000e+00 0.000000000000000000e+00
0.000000000000000000e+00 0.000000000000000000e+00 0.000000000000000000e+00 0.000000000000000000e+00
0.000000000000000000e+00 0.000000000000000000e+00 0.000000000000000000e+00 0.000000000000000000e+00
0.000000000000000000e+00 0.000000000000000000e+00 0.000000000000000000e+00 0.000000000000000000e+00
0.000000000000000000e+00 0.000000000000000000e+00 0.000000000000000000e+00 0.000000000000000000e+00
0.000000000000000000e+00 0.000000000000000000e+00 0.000000000000000000e+00 0.000000000000000000e+00
0.000000000000000000e+00 0.000000000000000000e+00 0.000000000000000000e+00 0.000000000000000000e+00
0.000000000000000000e+00 0.000000000000000000e+00 0.000000000000000000e+00 0.000000000000000000e+00
0.000000000000000000e+00 0.000000000000000000e+00 0.000000000000000000e+00 0.000000000000000000e+00
0.000000000000000000e+00 0.000000000000000000e+00 0.000000000000000000e+00 0.000000000000000000e+00
0.000000000000000000e+00 0.000000000000000000e+00 0.000000000000000000e+00 0.000000000000000000e+00
0.000000000000000000e+00 0.000000000000000000e+00 0.000000000000000000e+00 0.000000000000000000e+00
0.000000000000000000e+00 0.000000000000000000e+00 0.000000000000000000e+00 0.000000000000000000e+00
0.000000000000000000e+00 0.000000000000000000e+00 0.000000000000000000e+00 0.000000000000000000e+00
0.000000000000000000e+00 0.000000000000000000e+00 0.000000000000000000e+00 0.000000000000000000e+00
0.000000000000000000e+00 0.000000000000000000e+00 0.000000000000000000e+00 0.000000000000000000e+00
0.000000000000000000e+00 0.000000000000000000e+00 0.000000000000000000e+00 0.000000000000000000e+00
0.000000000000000000e+00 0.000000000000000000e+00 0.000000000000000000e+00 0.000000000000000000e+00
0.000000000000000000e+00 0.000000000000000000e+00 0.000000000000000000e+00 0.000000000000000000e+00
0.000000000000000000e+00 0.000000000000000000e+00 0.000000000000000000e+00 0.000000000000000000e+00
0.000000000000000000e+00 0.000000000000000000e+00 0.000000000000000000e+00 0.000000000000000000e+00
0.000000000000000000e+00 0.000000000000000000e+00 0.000000000000000000e+00 0.000000000000000000e+00
0.000000000000000000e+00 0.000000000000000000e+00 0.000000000000000000e+00 0.000000000000000000e+00
0.000000000000000000e+00 0.000000000000000000e+00 0.000000000000000000e+00 0.000000000000000000e+00
0.000000000000000000e+00 0.000000000000000000e+00 0.000000000000000000e+00 0.000000000000000000e+00
0.000000000000000000e+00 0.000000000000000000e+00 0.000000000000000000e+00 0.000000000000000000e+00
0.000000000000000000e+00 0.000000000000000000e+00 0.000000000000000000e+00 0.000000000000000000e+00
0.000000000000000000e+00 0.000000000000000000e+00 0.000000000000000000e+00 0.000000000000000000e+00
0.000000000000000000e+00 0.000000000000000000e+00 0.000000000000000000e+00 0.000000000000000000e+00
0.000000000000000000e+00 0.000000000000000000e+00 0.000000000000000000e+00 0.000000000000000000e+00
0.000000000000000000e+00 0.000000000000000000e+00 0.000000000000000000e+00 0.000000000000000000e+00
0.000000000000000000e+00 0.000000000000000000e+00 0.000000000000000000e+00 0.000000000000000000e+00
0.000000000000000000e+00 0.000000000000000000e+00 0.000000000000000000e+00 0.000000000000000000e+00
0.000000000000000000e+00 0.000000000000000000e+00 0.000000000000000000e+00 0.000000000000000000e+00
0.000000000000000000e+00 0.000000000000000000e+00 0.000000000000000000e+00 0.000000000000000000e+00
0.000000000000000000e+00 0.000000000000000000e+00 0.000000000000000000e+00 0.000000000000000000e+00
0.000000000000000000e+00 0.000000000000000000e+00 0.000000000000000000e+00 0.000000000000000000e+00
0.000000000000000000e+00 0.000000000000000000e+00 0.000000000000000000e+00 0.000000000000000000e+00
0.000000000000000000e+00 0.000000000000000000e+00 0.000000000000000000e+00 0.000000000000000000e+00
0.000000000000000000e+00 0.000000000000000000e+00 0.000000000000000000e+00 0.000000000000000000e+00
0.000000000000000000e+00 0.000000000000000000e+00 0.000000000000000000e+00 0.000000000000000000e+00
0.000000000000000000e+00 0.000000000000000000e+00 0.000000000000000000e+00 0.000000000000000000e+00
