0.000000000000000000e+00 0.000000000000000000e+00 0.000000000000000000e+00
4.000000000000000083e-03 7.607145458213067368e-02 7.576905124914162792e-02
8.000000000000000167e-03 1.435057654791661308e-01 1.423682413265631441e-01
1.200000000000000025e-02 2.036586915776718298e-01 2.012459732764833586e-01
1.600000000000000033e-02 2.576928233098463306e-01 2.536377214770926258e-01
2.000000000000000042e-02 3.065247296793918164e-01 3.005183829347987667e-01
2.400000000000000050e-02 3.508881383727432413e-01 3.426690668471215617e-01
2.800000000000000058e-02 3.913784606349683948e-01 3.807241767344931582e-01
3.200000000000000067e-02 4.284847375918426349e-01 4.152052091647292498e-01
3.600000000000000422e-02 4.626129997794502513e-01 4.465454811216382214e-01
4.000000000000000083e-02 4.941036396518729279e-01 4.751085300158817692e-01
4.399999999999999745e-02 5.232445297697805309e-01 5.012020157074772442e-01
4.800000000000000100e-02 5.502810659275396699e-01 5.250883699562347573e-01
5.200000000000000455e-02 5.754239525627142804e-01 5.469930568099254931e-01
5.600000000000000117e-02 5.988553074564973988e-01 5.671110536838699367e-01
5.999999999999999778e-02 6.207334990545959608e-01 5.856119900635650133e-01
6.400000000000000133e-02 6.411970148411172410e-01 6.026442596372526550e-01
6.800000000000000488e-02 6.603675852937109791e-01 6.183383430044342433e-01
7.200000000000000844e-02 6.783527244707803217e-01 6.328095118102391448e-01
7.599999999999999811e-02 6.952478138307023325e-01 6.461600480621479958e-01
8.000000000000000167e-02 7.111378222929494175e-01 6.584810773176065224e-01
8.400000000000000522e-02 7.260987364404853928e-01 6.698540938882926454e-01
8.799999999999999489e-02 7.401987562409461097e-01 6.803522368858366809e-01
9.199999999999999845e-02 7.534993009151846888e-01 6.900413643658791507e-01
9.600000000000000200e-02 7.660558595697880557e-01 6.989809623128981908e-01
1.000000000000000056e-01 7.779187142462800075e-01 7.072249178085717736e-01
1.040000000000000091e-01 7.891335571656258319e-01 7.148221795564333458e-01
1.079999999999999988e-01 7.997420211665275946e-01 7.218173257486065753e-01
1.120000000000000023e-01 8.097821353963496893e-01 7.282510524693249776e-01
1.160000000000000059e-01 8.192887205675885021e-01 7.341605974327715112e-01
1.199999999999999956e-01 8.282937318114693692e-01 7.395801078568319253e-01
1.239999999999999991e-01 8.368265575423786684e-01 7.445409613456366316e-01
1.280000000000000027e-01 8.449142808029123097e-01 7.490720466829370316e-01
1.320000000000000062e-01 8.525819086444126338e-01 7.532000104355472958e-01
1.360000000000000098e-01 8.598525739828486447e-01 7.569494741173200536e-01
1.400000000000000133e-01 8.667477138186531205e-01 7.603432260481612914e-01
1.440000000000000169e-01 8.732872270378271295e-01 7.634023913396159600e-01
1.479999999999999927e-01 8.794896144670353300e-01 7.661465828686266910e-01
1.519999999999999962e-01 8.853721036041041215e-01 7.685940358035849851e-01
1.559999999999999998e-01 8.909507597967150083e-01 7.707617276146311314e-01
1.600000000000000033e-01 8.962405858586685037e-01 7.726654856330753551e-01
1.640000000000000069e-01 9.012556111945184689e-01 7.743200833802201810e-01
1.680000000000000104e-01 9.060089720169447469e-01 7.757393272905004356e-01
1.720000000000000140e-01 9.105129834852457860e-01 7.769361347656708050e-01
1.759999999999999898e-01 9.147792048886380645e-01 7.779226047217551177e-01
1.799999999999999933e-01 9.188184984851119896e-01 7.787100813247006537e-01
1.839999999999999969e-01 9.226410825870573484e-01 7.793092115764187477e-01
1.880000000000000004e-01 9.262565803104244599e-01 7.797299980795997509e-01
1.920000000000000040e-01 9.296740633997943037e-01 7.799818466234876846e-01
1.960000000000000075e-01 9.329020922007291716e-01 7.800736095812420556e-01
2.000000000000000111e-01 9.359487522504255086e-01 7.800136256256501310e-01
2.040000000000000147e-01 9.388216864668503803e-01 7.798097549975788745e-01
2.080000000000000182e-01 9.415281312649199652e-01 7.794694173237268764e-01
2.119999999999999940e-01 9.440749329347902785e-01 7.789996124019481494e-01
2.159999999999999976e-01 9.464685856593388902e-01 7.784069583679601445e-01
2.200000000000000011e-01 9.487152475689708542e-01 7.776977111127232334e-01
2.240000000000000047e-01 9.508207659544888335e-01 7.768777908045758629e-01
2.280000000000000082e-01 9.527906950521501939e-01 7.759528018318753162e-01
2.320000000000000118e-01 9.546303154346598152e-01 7.749280536727299884e-01
2.360000000000000153e-01 9.563446511266506800e-01 7.738085795142942702e-01
2.399999999999999911e-01 9.579384843881232348e-01 7.725991526264363030e-01
2.439999999999999947e-01 9.594163719998395345e-01 7.713043036461763036e-01
2.479999999999999982e-01 9.607826574835005573e-01 7.699283342389625640e-01
2.520000000000000018e-01 9.620414835548083410e-01 7.684753307126310773e-01
2.560000000000000053e-01 9.631968040758398519e-01 7.669491769609571019e-01
2.600000000000000089e-01 9.642523949347664436e-01 7.653535663115857979e-01
2.640000000000000124e-01 9.652118639755545848e-01 7.636920123967649854e-01
2.680000000000000160e-01 9.660786604290948487e-01 7.619678594253616044e-01
2.720000000000000195e-01 9.668560834455106612e-01 7.601842915543050028e-01
2.760000000000000231e-01 9.675472904188809897e-01 7.583443419219478843e-01
2.800000000000000266e-01 9.681553059149875518e-01 7.564509019810147228e-01
2.840000000000000302e-01 9.686830137109035954e-01 7.545067175046084040e-01
2.880000000000000338e-01 9.691332189911355810e-01 7.525144391411954237e-01
2.919999999999999818e-01 9.695085566588219628e-01 7.504765529255637002e-01
2.959999999999999853e-01 9.698115874102410938e-01 7.483954569338209240e-01
2.999999999999999889e-01 9.700447617491038121e-01 7.462734349676357626e-01
3.039999999999999925e-01 9.702104321607656345e-01 7.441126676408474916e-01
3.079999999999999960e-01 9.703108581300611268e-01 7.419152377929426612e-01
3.119999999999999996e-01 9.703482107116817579e-01 7.396831354630777344e-01
3.160000000000000031e-01 9.703245768257641179e-01 7.374182625644160050e-01
3.200000000000000067e-01 9.702419621934856853e-01 7.351224364433364133e-01
3.240000000000000102e-01 9.701023003390460975e-01 7.327973979629697210e-01
3.280000000000000138e-01 9.699074457713247055e-01 7.304448074925001810e-01
3.320000000000000173e-01 9.696591875845450570e-01 7.280662563689607181e-01
3.360000000000000209e-01 9.693592478059446238e-01 7.256632666656083197e-01
3.400000000000000244e-01 9.690092909596230708e-01 7.232372993703249930e-01
3.440000000000000280e-01 9.686108961721442423e-01 7.207897345330902539e-01
3.480000000000000315e-01 9.681656241883244141e-01 7.183219222022283468e-01
3.519999999999999796e-01 9.676749529983268427e-01 7.158351352299902048e-01
3.559999999999999831e-01 9.671403148192435628e-01 7.133305976971757723e-01
3.599999999999999867e-01 9.665630914614226077e-01 7.108094822210649921e-01
3.639999999999999902e-01 9.659446162431880589e-01 7.082729121136764894e-01
3.679999999999999938e-01 9.652861737649542917e-01 7.057219619350263429e-01
3.719999999999999973e-01 9.645890093858661141e-01 7.031576651180904136e-01
3.760000000000000009e-01 9.638543220165433079e-01 7.005810093229583035e-01
3.800000000000000044e-01 9.630832701548849295e-01 6.979929414741459226e-01
3.840000000000000080e-01 9.622769733025371419e-01 6.953943693740719523e-01
3.880000000000000115e-01 9.614365126670224582e-01 6.927861627719600346e-01
3.920000000000000151e-01 9.605629334318908086e-01 6.901691555424568358e-01
3.960000000000000187e-01 9.596572463251955565e-01 6.875441473233099288e-01
4.000000000000000222e-01 9.587204278422346571e-01 6.849119041627761417e-01
4.040000000000000258e-01 9.577534226391541949e-01 6.822731607037580970e-01
4.080000000000000293e-01 9.567571437550116409e-01 6.796286207880126717e-01
4.120000000000000329e-01 9.557324742890416225e-01 6.769789590786877698e-01
4.160000000000000364e-01 9.546802711121425977e-01 6.743248240955481698e-01
4.199999999999999845e-01 9.536013580931238520e-01 6.716668338177256281e-01
4.239999999999999880e-01 9.524965356077205181e-01 6.690055827783428777e-01
4.279999999999999916e-01 9.513665776141341235e-01 6.663416403547367528e-01
4.319999999999999951e-01 9.502122325516568768e-01 6.636755517456737197e-01
4.359999999999999987e-01 9.490342245806459021e-01 6.610078391720390911e-01
4.400000000000000022e-01 9.478332542818118656e-01 6.583390026817189655e-01
4.440000000000000058e-01 9.466099993647238975e-01 6.556695209477843012e-01
4.480000000000000093e-01 9.453651153544099239e-01 6.529998520384060479e-01
4.520000000000000129e-01 9.440992367332724511e-01 6.503304344877687271e-01
4.560000000000000164e-01 9.428129747764693036e-01 6.476616860789112806e-01
4.600000000000000200e-01 9.415069237859439166e-01 6.449940083957363957e-01
4.640000000000000235e-01 9.401816556823977544e-01 6.423277833557491379e-01
4.680000000000000271e-01 9.388377234383658010e-01 6.396633758150700455e-01
4.720000000000000306e-01 9.374756610992808215e-01 6.370011338152664626e-01
4.760000000000000342e-01 9.360959836550146740e-01 6.343413887271660556e-01
4.799999999999999822e-01 9.346991876379564523e-01 6.316844558796516074e-01
4.839999999999999858e-01 9.332857517108130718e-01 6.290306351742330770e-01
4.879999999999999893e-01 9.318561353621764853e-01 6.263802104196120046e-01
4.919999999999999929e-01 9.304107834109814901e-01 6.237334525667932450e-01
4.959999999999999964e-01 9.289501178043830798e-01 6.210906144007868335e-01
5.000000000000000000e-01 9.274745461699104299e-01 6.184519364863074742e-01
5.040000000000000036e-01 9.259844575320177462e-01 6.158176444863533439e-01
5.080000000000000071e-01 9.244802222552318538e-01 6.131879493289400518e-01
5.120000000000000107e-01 9.229621927840354623e-01 6.105630478899952696e-01
5.160000000000000142e-01 9.214307027054017274e-01 6.079431225687051965e-01
5.200000000000000178e-01 9.198860663825499939e-01 6.053283412424166343e-01
5.240000000000000213e-01 9.183285783573079675e-01 6.027188570715805715e-01
5.280000000000000249e-01 9.167585126028927611e-01 6.001148082111135151e-01
5.320000000000000284e-01 9.151761212534723633e-01 5.975163171854648292e-01
5.360000000000000320e-01 9.135816349141815396e-01 5.949234913031895555e-01
5.400000000000000355e-01 9.119752589783449714e-01 5.923364204810415146e-01
5.440000000000000391e-01 9.103571736708929718e-01 5.897551775045749567e-01
5.480000000000000426e-01 9.087275323031553942e-01 5.871798171398666666e-01
5.520000000000000462e-01 9.070864580474901073e-01 5.846103743083591597e-01
5.560000000000000497e-01 9.054340420414687118e-01 5.820468631455189001e-01
5.600000000000000533e-01 9.037703400592426162e-01 5.794892751599880487e-01
5.640000000000000568e-01 9.020953690682116388e-01 5.769375773519430650e-01
5.680000000000000604e-01 9.004091029420487891e-01 5.743917098283223277e-01
5.720000000000000639e-01 8.987114675215741588e-01 5.718515830460338956e-01
5.760000000000000675e-01 8.970023349327557183e-01 5.693170746339256683e-01
5.799999999999999600e-01 8.952815165116304597e-01 5.667880253900903220e-01
5.839999999999999636e-01 8.935487550221018482e-01 5.642642349059932005e-01
5.879999999999999671e-01 8.918037154916456100e-01 5.617454563987225313e-01
5.919999999999999707e-01 8.900459731997928392e-01 5.592313898524717830e-01
5.959999999999999742e-01 8.882750019347050996e-01 5.567216754430435177e-01
5.999999999999999778e-01 8.864901571137928649e-01 5.542158838818039834e-01
6.039999999999999813e-01 8.846906582778983896e-01 5.517135065451398424e-01
6.079999999999999849e-01 8.828755672406894961e-01 5.492139430751145079e-01
6.119999999999999885e-01 8.810437599059879332e-01 5.467164852857664403e-01
6.159999999999999920e-01 8.791939002377673340e-01 5.442203026872050042e-01
6.199999999999999956e-01 8.773243976582087988e-01 5.417244180618225879e-01
6.239999999999999991e-01 8.754333649336234480e-01 5.392276837772140841e-01
6.280000000000000027e-01 8.735185639562571547e-01 5.367287511050222726e-01
6.320000000000000062e-01 8.715773406863471795e-01 5.342260334645569930e-01
6.360000000000000098e-01 8.696065460020934168e-01 5.317176617323073895e-01
6.400000000000000133e-01 8.676024394912881244e-01 5.292014299754996820e-01
6.440000000000000169e-01 8.655605717835289648e-01 5.266747291365744266e-01
6.480000000000000204e-01 8.634756397965620556e-01 5.241344655077764259e-01
6.520000000000000240e-01 8.613413075499315452e-01 5.215769598678811070e-01
6.560000000000000275e-01 8.591499870152315976e-01 5.189978243430085625e-01
6.600000000000000311e-01 8.568925545802726917e-01 5.163918027513716424e-01
6.640000000000000346e-01 8.545580091043080140e-01 5.137525787452750237e-01
6.680000000000000382e-01 8.521334629917426406e-01 5.110727871806327594e-01
6.720000000000000417e-01 8.495789278323296889e-01 5.083287319222746792e-01
6.760000000000000453e-01 8.468602673765067701e-01 5.055010856704446054e-01
6.800000000000000488e-01 8.440671737208512715e-01 5.026448015909686928e-01
6.840000000000000524e-01 8.410618672630764125e-01 4.996773294506361429e-01
6.880000000000000560e-01 8.380508626602047872e-01 4.967225490573522473e-01
6.920000000000000595e-01 8.349449746231368819e-01 4.937277065957204059e-01
6.960000000000000631e-01 8.318850152254223529e-01 4.907759091820905195e-01
7.000000000000000666e-01 8.287717897501699627e-01 4.878093644806501539e-01
7.039999999999999591e-01 8.253179341304359706e-01 4.846581048103860700e-01
7.079999999999999627e-01 8.220516654280681790e-01 4.816335615862968877e-01
7.119999999999999662e-01 8.187632162119886647e-01 4.786122441613873679e-01
7.159999999999999698e-01 8.154115465429098153e-01 4.755700686475178851e-01
7.199999999999999734e-01 8.119757664754501114e-01 4.724951869255139547e-01
7.239999999999999769e-01 8.084712080706428772e-01 4.693966532726385199e-01
7.279999999999999805e-01 8.048813321345393845e-01 4.662652025269146683e-01
7.319999999999999840e-01 8.011229264490842272e-01 4.630530177931151958e-01
7.359999999999999876e-01 7.971885605089888971e-01 4.597566808770366387e-01
7.399999999999999911e-01 7.930583887408636512e-01 4.563653405718249290e-01
7.439999999999999947e-01 7.886916140153533705e-01 4.528566147332703240e-01
7.479999999999999982e-01 7.840305294966393168e-01 4.491982999657512243e-01
7.520000000000000018e-01 7.790630544134736768e-01 4.453851616893918508e-01
7.560000000000000053e-01 7.736843091979718201e-01 4.413591458498930531e-01
7.600000000000000089e-01 7.629225967335778735e-01 4.343461568166647191e-01
7.640000000000000124e-01 6.858934079754882562e-01 3.901326038374451355e-01
7.680000000000000160e-01 6.521395543548649254e-01 3.703140365289999680e-01
7.720000000000000195e-01 6.384179115317540898e-01 3.618068165568330552e-01
7.760000000000000231e-01 6.258338465495427716e-01 3.539720485976019515e-01
7.800000000000000266e-01 6.146453792353258061e-01 3.469499324083520353e-01
7.840000000000000302e-01 6.093062173222622002e-01 3.432093018465974255e-01
7.880000000000000338e-01 6.011245270193655843e-01 3.379216607043123988e-01
7.920000000000000373e-01 5.963249843290382435e-01 3.345159897868763554e-01
7.960000000000000409e-01 5.928461996413263435e-01 3.318677941528567210e-01
8.000000000000000444e-01 5.894109488929661911e-01 3.292564641370728240e-01
8.040000000000000480e-01 5.862204502211421087e-01 3.267932331627595444e-01
8.080000000000000515e-01 5.831762953597264820e-01 3.244214889109274802e-01
8.120000000000000551e-01 5.802846690882321745e-01 3.221430724230390230e-01
8.160000000000000586e-01 5.776235585379974058e-01 3.200010468141341047e-01
8.200000000000000622e-01 5.751018419789380998e-01 3.179449132119061550e-01
8.240000000000000657e-01 5.727556580236075057e-01 3.159934427571698956e-01
8.280000000000000693e-01 5.705989325970470816e-01 3.141549509194759837e-01
8.320000000000000728e-01 5.686666729835888612e-01 3.124480679560789897e-01
8.359999999999999654e-01 5.669309666275121895e-01 3.108566486913771354e-01
8.399999999999999689e-01 5.653418466812059062e-01 3.093526893453448778e-01
8.439999999999999725e-01 5.638554092833737430e-01 3.079121571870290786e-01
8.479999999999999760e-01 5.624395113607536523e-01 3.065159194069448922e-01
8.519999999999999796e-01 5.611385665008842283e-01 3.051879253197793407e-01
8.559999999999999831e-01 5.599512005616410493e-01 3.039262409576403146e-01
8.599999999999999867e-01 5.588445807414789135e-01 3.027133602467412810e-01
8.639999999999999902e-01 5.578470842600012913e-01 3.015644029814725791e-01
8.679999999999999938e-01 5.569496822798262192e-01 3.004743325152985922e-01
8.719999999999999973e-01 5.561421261629669877e-01 2.994372244972889896e-01
8.760000000000000009e-01 5.554733809743089834e-01 2.984788264924020940e-01
8.800000000000000044e-01 5.548943460206023914e-01 2.975722567135608565e-01
8.840000000000000080e-01 5.543734386403278425e-01 2.967004361665296353e-01
8.880000000000000115e-01 5.538975807810095908e-01 2.958560664462701606e-01
8.920000000000000151e-01 5.534612469809999657e-01 2.950363357815731224e-01
8.960000000000000187e-01 5.530686806792670662e-01 2.942428536344989798e-01
9.000000000000000222e-01 5.527157618765919933e-01 2.934737801857121298e-01
9.040000000000000258e-01 5.524632366801898176e-01 2.927611741191051831e-01
9.080000000000000293e-01 5.522358970918497256e-01 2.920650230508850531e-01
9.120000000000000329e-01 5.520263223554079390e-01 2.913812049582978347e-01
9.160000000000000364e-01 5.518397390318772189e-01 2.907121792314761866e-01
9.200000000000000400e-01 5.517165290339555161e-01 2.900782053056309984e-01
9.240000000000000435e-01 5.515546023863041603e-01 2.894276802657511083e-01
9.280000000000000471e-01 5.513829411950422754e-01 2.887749501617242753e-01
9.320000000000000506e-01 5.513427583337131566e-01 2.881924313566526230e-01
9.360000000000000542e-01 5.513164228108049514e-01 2.876201683209810289e-01
9.400000000000000577e-01 5.513115325387386578e-01 2.870618500164873188e-01
9.440000000000000613e-01 5.513034310978597308e-01 2.865039142875487332e-01
9.480000000000000648e-01 5.513003334068139472e-01 2.859510153731811277e-01
9.520000000000000684e-01 5.513025165268577998e-01 2.854036007093031513e-01
9.560000000000000719e-01 5.512960230717962595e-01 2.848540160511032204e-01
9.599999999999999645e-01 5.512998667399960917e-01 2.843121876433955530e-01
9.639999999999999680e-01 5.513234766385723962e-01 2.837826209387311338e-01
9.679999999999999716e-01 5.514584940735927088e-01 2.833118232235438683e-01
9.719999999999999751e-01 5.516042916429781950e-01 2.828481321697641215e-01
9.759999999999999787e-01 5.517645145245207994e-01 2.823929593012409756e-01
9.799999999999999822e-01 5.519180128337392022e-01 2.819359039359964902e-01
9.839999999999999858e-01 5.520780778347830209e-01 2.814834269281654144e-01
9.879999999999999893e-01 5.522243501860198966e-01 2.810259969733613916e-01
9.919999999999999929e-01 5.523840496136355194e-01 2.805772518225683743e-01
9.959999999999999964e-01 5.525294678866700115e-01 2.801237016035490468e-01
1.000000000000000000e+00 5.526839873076371257e-01 2.796768476432265893e-01
1.004000000000000004e+00 5.528269009752745378e-01 2.792264340859240135e-01
1.008000000000000007e+00 5.530640317552518725e-01 2.788250297960798707e-01
1.012000000000000011e+00 5.532916344912627293e-01 2.784214391312108683e-01
1.016000000000000014e+00 5.535386751836209873e-01 2.780291084310534400e-01
1.020000000000000018e+00 5.537280502336670018e-01 2.776102371049544715e-01
1.024000000000000021e+00 5.539345416788757914e-01 2.772012228577416248e-01
1.028000000000000025e+00 5.541149455671335877e-01 2.767809439794710058e-01
1.032000000000000028e+00 5.543004839069808343e-01 2.763651131696795438e-01
1.036000000000000032e+00 5.544536900668380897e-01 2.759349830150560345e-01
1.040000000000000036e+00 5.546118490616307461e-01 2.755093982514669193e-01
1.044000000000000039e+00 5.547451790638907587e-01 2.750732651015180830e-01
1.048000000000000043e+00 5.548846948788103139e-01 2.746422967634482015e-01
1.052000000000000046e+00 5.550130937042755397e-01 2.742075606572040858e-01
1.056000000000000050e+00 5.551829358222307720e-01 2.737953751493272248e-01
1.060000000000000053e+00 5.553676892149083111e-01 2.733918145011446366e-01
1.064000000000000057e+00 5.555562644174080189e-01 2.729922995697060539e-01
1.068000000000000060e+00 5.557319962691852355e-01 2.725879815181443955e-01
1.072000000000000064e+00 5.559085511252261913e-01 2.721861901539279760e-01
1.076000000000000068e+00 5.560707010537743189e-01 2.717790695575256765e-01
1.080000000000000071e+00 5.562361295979284526e-01 2.713753271059106686e-01
1.084000000000000075e+00 5.563732849146639792e-01 2.709597481709405953e-01
1.088000000000000078e+00 5.565105065439894805e-01 2.705463321143368183e-01
1.092000000000000082e+00 5.566285701806402697e-01 2.701252401550127136e-01
1.096000000000000085e+00 5.567386707586257089e-01 2.697027658672567219e-01
1.100000000000000089e+00 5.568267917770328701e-01 2.692714305719360879e-01
1.104000000000000092e+00 5.568881234384326362e-01 2.688299763859352542e-01
1.108000000000000096e+00 5.569030782346645614e-01 2.683687697728620036e-01
1.112000000000000099e+00 5.569247520007118979e-01 2.679131603315925148e-01
1.116000000000000103e+00 5.569328585141960497e-01 2.674527594860273694e-01
1.120000000000000107e+00 5.569815802961685103e-01 2.670134214570638598e-01
1.124000000000000110e+00 5.570335600090156047e-01 2.665767928607185033e-01
1.128000000000000114e+00 5.571018039073858397e-01 2.661496337747397134e-01
1.132000000000000117e+00 5.571516569551727693e-01 2.657160768646072424e-01
1.136000000000000121e+00 5.572165645883113694e-01 2.652923029860514981e-01
1.140000000000000124e+00 5.572846059043747857e-01 2.648722771801377829e-01
1.144000000000000128e+00 5.573747979750186543e-01 2.644649019110900667e-01
1.148000000000000131e+00 5.574323103298416404e-01 2.640445445477860309e-01
1.152000000000000135e+00 5.574496068546666017e-01 2.636081498103435283e-01
1.155999999999999917e+00 5.574318197685961263e-01 2.631574106898652565e-01
1.159999999999999920e+00 5.574128745378756911e-01 2.627080170847971297e-01
1.163999999999999924e+00 5.573664311201501631e-01 2.622478720606724600e-01
1.167999999999999927e+00 5.573269004967852380e-01 2.617928012107592073e-01
1.171999999999999931e+00 5.572639149907515632e-01 2.613286646242298783e-01
1.175999999999999934e+00 5.572117510765643988e-01 2.608718201462971731e-01
1.179999999999999938e+00 5.571253521803131159e-01 2.604014808668931313e-01
1.183999999999999941e+00 5.570539974488217805e-01 2.599403867478264352e-01
1.187999999999999945e+00 5.569515127621886830e-01 2.594671493385778405e-01
1.191999999999999948e+00 5.568632597680013285e-01 2.590026956912023226e-01
1.195999999999999952e+00 5.567392581317831546e-01 2.585240963918539192e-01
1.199999999999999956e+00 5.566319596944361292e-01 2.580555291445967292e-01
1.203999999999999959e+00 5.564861460401561155e-01 2.575717853709835747e-01
1.207999999999999963e+00 5.563829097771412213e-01 2.571094108093810449e-01
1.211999999999999966e+00 5.562140415320152576e-01 2.566200708847832246e-01
1.215999999999999970e+00 5.560787046144685108e-01 2.561484479937555792e-01
1.219999999999999973e+00 5.558537001579635373e-01 2.556393798041728393e-01
1.223999999999999977e+00 5.556635489983636766e-01 2.551487580378095088e-01
1.227999999999999980e+00 5.553805601020493921e-01 2.546194663887711429e-01
1.231999999999999984e+00 5.551753643011541062e-01 2.541267704470911437e-01
1.235999999999999988e+00 5.548710441065282106e-01 2.535919879007936806e-01
1.239999999999999991e+00 5.546213802994551800e-01 2.530829063618839636e-01
1.243999999999999995e+00 5.542682247384437266e-01 2.525299839088126497e-01
1.247999999999999998e+00 5.538992982839967549e-01 2.519747604447291067e-01
1.252000000000000002e+00 5.534097777045665634e-01 2.513727018932945811e-01
1.256000000000000005e+00 5.530332148684136140e-01 2.508240312547868056e-01
1.260000000000000009e+00 5.526263118807408503e-01 2.502640438353018748e-01
1.264000000000000012e+00 5.522985524712727967e-01 2.497399480368043267e-01
1.268000000000000016e+00 5.519301484884798770e-01 2.492000330801486252e-01
1.272000000000000020e+00 5.515956125899607043e-01 2.486768888427594304e-01
1.276000000000000023e+00 5.511666712122729184e-01 2.481160856302308537e-01
1.280000000000000027e+00 5.507691792031901290e-01 2.475712950567641735e-01
1.284000000000000030e+00 5.503419695360909358e-01 2.470161833500856829e-01
1.288000000000000034e+00 5.499153686010633812e-01 2.464640166711998537e-01
1.292000000000000037e+00 5.494355854321557597e-01 2.458922696871282954e-01
1.296000000000000041e+00 5.489465559390832583e-01 2.453194089659522237e-01
1.300000000000000044e+00 5.483971113601225911e-01 2.447241417504964489e-01
1.304000000000000048e+00 5.478169551922380531e-01 2.441188557883331722e-01
1.308000000000000052e+00 5.471920007368227257e-01 2.434983077148997199e-01
1.312000000000000055e+00 5.465157375234560577e-01 2.428596760901374219e-01
1.316000000000000059e+00 5.457791541626280107e-01 2.422008425666993536e-01
1.320000000000000062e+00 5.449840879302789709e-01 2.415210469282196848e-01
1.324000000000000066e+00 5.440831492837177041e-01 2.408034376292234047e-01
1.328000000000000069e+00 5.430702529525494038e-01 2.400441718775025712e-01
1.332000000000000073e+00 5.420278818103489993e-01 2.392795316461408806e-01
1.336000000000000076e+00 5.408951911909136712e-01 2.384812636031715116e-01
1.340000000000000080e+00 5.396290415308683253e-01 2.376337841005362883e-01
1.344000000000000083e+00 5.383253180231639679e-01 2.367746975216621086e-01
1.348000000000000087e+00 5.368515153274948659e-01 2.358513891645666327e-01
1.352000000000000091e+00 5.351718789352606365e-01 2.348500753663163576e-01
1.356000000000000094e+00 5.334213274038170916e-01 2.338279340649472848e-01
1.360000000000000098e+00 5.314656497596522700e-01 2.327263038473604273e-01
1.364000000000000101e+00 5.279091079587785451e-01 2.310643925710695878e-01
0.000000000000000000e+00 0.000000000000000000e+00 0.000000000000000000e+00
0.000000000000000000e+00 0.000000000000000000e+00 0.000000000000000000e+00
0.000000000000000000e+00 0.000000000000000000e+00 0.000000000000000000e+00
0.000000000000000000e+00 0.000000000000000000e+00 0.000000000000000000e+00
0.000000000000000000e+00 0.000000000000000000e+00 0.000000000000000000e+00
0.000000000000000000e+00 0.000000000000000000e+00 0.000000000000000000e+00
0.000000000000000000e+00 0.000000000000000000e+00 0.000000000000000000e+00
0.000000000000000000e+00 0.000000000000000000e+00 0.000000000000000000e+00
0.000000000000000000e+00 0.000000000000000000e+00 0.000000000000000000e+00
0.000000000000000000e+00 0.000000000000000000e+00 0.000000000000000000e+00
0.000000000000000000e+00 0.000000000000000000e+00 0.000000000000000000e+00
0.000000000000000000e+00 0.000000000000000000e+00 0.000000000000000000e+00
0.000000000000000000e+00 0.000000000000000000e+00 0.000000000000000000e+00
0.000000000000000000e+00 0.000000000000000000e+00 0.000000000000000000e+00
0.000000000000000000e+00 0.000000000000000000e+00 0.000000000000000000e+00
0.000000000000000000e+00 0.000000000000000000e+00 0.000000000000000000e+00
0.000000000000000000e+00 0.000000000000000000e+00 0.000000000000000000e+00
0.000000000000000000e+00 0.000000000000000000e+00 0.000000000000000000e+00
0.000000000000000000e+00 0.000000000000000000e+00 0.000000000000000000e+00
0.000000000000000000e+00 0.000000000000000000e+00 0.000000000000000000e+00
0.000000000000000000e+00 0.000000000000000000e+00 0.000000000000000000e+00
0.000000000000000000e+00 0.000000000000000000e+00 0.000000000000000000e+00
0.000000000000000000e+00 0.000000000000000000e+00 0.000000000000000000e+00
0.000000000000000000e+00 0.000000000000000000e+00 0.000000000000000000e+00
0.000000000000000000e+00 0.000000000000000000e+00 0.000000000000000000e+00
0.000000000000000000e+00 0.000000000000000000e+00 0.000000000000000000e+00
0.000000000000000000e+00 0.000000000000000000e+00 0.000000000000000000e+00
0.000000000000000000e+00 0.000000000000000000e+00 0.000000000000000000e+00
0.000000000000000000e+00 0.000000000000000000e+00 0.000000000000000000e+00
0.000000000000000000e+00 0.000000000000000000e+00 0.000000000000000000e+00
0.000000000000000000e+00 0.000000000000000000e+00 0.000000000000000000e+00
0.000000000000000000e+00 0.000000000000000000e+00 0.000000000000000000e+00
0.000000000000000000e+00 0.000000000000000000e+00 0.000000000000000000e+00
0.000000000000000000e+00 0.000000000000000000e+00 0.000000000000000000e+00
0.000000000000000000e+00 0.000000000000000000e+00 0.000000000000000000e+00
0.000000000000000000e+00 0.000000000000000000e+00 0.000000000000000000e+00
0.000000000000000000e+00 0.000000000000000000e+00 0.000000000000000000e+00
0.000000000000000000e+00 0.000000000000000000e+00 0.000000000000000000e+00
0.000000000000000000e+00 0.000000000000000000e+00 0.000000000000000000e+00
0.000000000000000000e+00 0.000000000000000000e+00 0.000000000000000000e+00
0.000000000000000000e+00 0.000000000000000000e+00 0.000000000000000000e+00
0.000000000000000000e+00 0.000000000000000000e+00 0.000000000000000000e+00
0.000000000000000000e+00 0.000000000000000000e+00 0.000000000000000000e+00
0.000000000000000000e+00 0.000000000000000000e+00 0.000000000000000000e+00
0.000000000000000000e+00 0.000000000000000000e+00 0.000000000000000000e+00
0.000000000000000000e+00 0.000000000000000000e+00 0.000000000000000000e+00
0.000000000000000000e+00 0.000000000000000000e+00 0.000000000000000000e+00
0.000000000000000000e+00 0.000000000000000000e+00 0.000000000000000000e+00
0.000000000000000000e+00 0.000000000000000000e+00 0.000000000000000000e+00
0.000000000000000000e+00 0.000000000000000000e+00 0.000000000000000000e+00
0.000000000000000000e+00 0.000000000000000000e+00 0.000000000000000000e+00
0.000000000000000000e+00 0.000000000000000000e+00 0.000000000000000000e+00
0.000000000000000000e+00 0.000000000000000000e+00 0.000000000000000000e+00
0.000000000000000000e+00 0.000000000000000000e+00 0.000000000000000000e+00
0.000000000000000000e+00 0.000000000000000000e+00 0.000000000000000000e+00
0.000000000000000000e+00 0.000000000000000000e+00 0.000000000000000000e+00
0.000000000000000000e+00 0.000000000000000000e+00 0.000000000000000000e+00
0.000000000000000000e+00 0.000000000000000000e+00 0.000000000000000000e+00
0.000000000000000000e+00 0.000000000000000000e+00 0.000000000000000000e+00
0.000000000000000000e+00 0.000000000000000000e+00 0.000000000000000000e+00
0.000000000000000000e+00 0.000000000000000000e+00 0.000000000000000000e+00
0.000000000000000000e+00 0.000000000000000000e+00 0.000000000000000000e+00
0.000000000000000000e+00 0.000000000000000000e+00 0.000000000000000000e+00
0.000000000000000000e+00 0.000000000000000000e+00 0.000000000000000000e+00
0.000000000000000000e+00 0.000000000000000000e+00 0.000000000000000000e+00
0.000000000000000000e+00 0.000000000000000000e+00 0.000000000000000000e+00
0.000000000000000000e+00 0.000000000000000000e+00 0.000000000000000000e+00
0.000000000000000000e+00 0.000000000000000000e+00 0.000000000000000000e+00
0.000000000000000000e+00 0.000000000000000000e+00 0.000000000000000000e+00
0.000000000000000000e+00 0.000000000000000000e+00 0.000000000000000000e+00
0.000000000000000000e+00 0.000000000000000000e+00 0.000000000000000000e+00
0.000000000000000000e+00 0.000000000000000000e+00 0.000000000000000000e+00
0.000000000000000000e+00 0.000000000000000000e+00 0.000000000000000000e+00
0.000000000000000000e+00 0.000000000000000000e+00 0.000000000000000000e+00
0.000000000000000000e+00 0.000000000000000000e+00 0.000000000000000000e+00
0.000000000000000000e+00 0.000000000000000000e+00 0.000000000000000000e+00
0.000000000000000000e+00 0.000000000000000000e+00 0.000000000000000000e+00
0.000000000000000000e+00 0.000000000000000000e+00 0.000000000000000000e+00
0.000000000000000000e+00 0.000000000000000000e+00 0.000000000000000000e+00
0.000000000000000000e+00 0.000000000000000000e+00 0.000000000000000000e+00
0.000000000000000000e+00 0.000000000000000000e+00 0.000000000000000000e+00
0.000000000000000000e+00 0.000000000000000000e+00 0.000000000000000000e+00
0.000000000000000000e+00 0.000000000000000000e+00 0.000000000000000000e+00
0.000000000000000000e+00 0.000000000000000000e+00 0.000000000000000000e+00
0.000000000000000000e+00 0.000000000000000000e+00 0.000000000000000000e+00
0.000000000000000000e+00 0.000000000000000000e+00 0.000000000000000000e+00
0.000000000000000000e+00 0.000000000000000000e+00 0.000000000000000000e+00
0.000000000000000000e+00 0.000000000000000000e+00 0.000000000000000000e+00
0.000000000000000000e+00 0.000000000000000000e+00 0.000000000000000000e+00
0.000000000000000000e+00 0.000000000000000000e+00 0.000000000000000000e+00
0.000000000000000000e+00 0.000000000000000000e+00 0.000000000000000000e+00
0.000000000000000000e+00 0.000000000000000000e+00 0.000000000000000000e+00
0.000000000000000000e+00 0.000000000000000000e+00 0.000000000000000000e+00
0.000000000000000000e+00 0.000000000000000000e+00 0.000000000000000000e+00
0.000000000000000000e+00 0.000000000000000000e+00 0.000000000000000000e+00
0.000000000000000000e+00 0.000000000000000000e+00 0.000000000000000000e+00
0.000000000000000000e+00 0.000000000000000000e+00 0.000000000000000000e+00
0.000000000000000000e+00 0.000000000000000000e+00 0.000000000000000000e+00
0.000000000000000000e+00 0.000000000000000000e+00 0.000000000000000000e+00
0.000000000000000000e+00 0.000000000000000000e+00 0.000000000000000000e+00
0.000000000000000000e+00 0.000000000000000000e+00 0.000000000000000000e+00
0.000000000000000000e+00 0.000000000000000000e+00 0.000000000000000000e+00
0.000000000000000000e+00 0.000000000000000000e+00 0.000000000000000000e+00
0.000000000000000000e+00 0.000000000000000000e+00 0.000000000000000000e+00
0.000000000000000000e+00 0.000000000000000000e+00 0.000000000000000000e+00
0.000000000000000000e+00 0.000000000000000000e+00 0.000000000000000000e+00
0.000000000000000000e+00 0.000000000000000000e+00 0.000000000000000000e+00
0.000000000000000000e+00 0.000000000000000000e+00 0.000000000000000000e+00
0.000000000000000000e+00 0.000000000000000000e+00 0.000000000000000000e+00
0.000000000000000000e+00 0.000000000000000000e+00 0.000000000000000000e+00
0.000000000000000000e+00 0.000000000000000000e+00 0.000000000000000000e+00
0.000000000000000000e+00 0.000000000000000000e+00 0.000000000000000000e+00
0.000000000000000000e+00 0.000000000000000000e+00 0.000000000000000000e+00
0.000000000000000000e+00 0.000000000000000000e+00 0.000000000000000000e+00
0.000000000000000000e+00 0.000000000000000000e+00 0.000000000000000000e+00
0.000000000000000000e+00 0.000000000000000000e+00 0.000000000000000000e+00
0.000000000000000000e+00 0.000000000000000000e+00 0.000000000000000000e+00
0.000000000000000000e+00 0.000000000000000000e+00 0.000000000000000000e+00
0.000000000000000000e+00 0.000000000000000000e+00 0.000000000000000000e+00
0.000000000000000000e+00 0.000000000000000000e+00 0.000000000000000000e+00
0.000000000000000000e+00 0.000000000000000000e+00 0.000000000000000000e+00
0.000000000000000000e+00 0.000000000000000000e+00 0.000000000000000000e+00
0.000000000000000000e+00 0.000000000000000000e+00 0.000000000000000000e+00
0.000000000000000000e+00 0.000000000000000000e+00 0.000000000000000000e+00
0.000000000000000000e+00 0.000000000000000000e+00 0.000000000000000000e+00
0.000000000000000000e+00 0.000000000000000000e+00 0.000000000000000000e+00
0.000000000000000000e+00 0.000000000000000000e+00 0.000000000000000000e+00
0.000000000000000000e+00 0.000000000000000000e+00 0.000000000000000000e+00
0.000000000000000000e+00 0.000000000000000000e+00 0.000000000000000000e+00
0.000000000000000000e+00 0.000000000000000000e+00 0.000000000000000000e+00
0.000000000000000000e+00 0.000000000000000000e+00 0.000000000000000000e+00
0.000000000000000000e+00 0.000000000000000000e+00 0.000000000000000000e+00
0.000000000000000000e+00 0.000000000000000000e+00 0.000000000000000000e+00
0.000000000000000000e+00 0.000000000000000000e+00 0.000000000000000000e+00
0.000000000000000000e+00 0.000000000000000000e+00 0.000000000000000000e+00
0.000000000000000000e+00 0.000000000000000000e+00 0.000000000000000000e+00
0.000000000000000000e+00 0.000000000000000000e+00 0.000000000000000000e+00
0.000000000000000000e+00 0.000000000000000000e+00 0.000000000000000000e+00
0.000000000000000000e+00 0.000000000000000000e+00 0.000000000000000000e+00
0.000000000000000000e+00 0.000000000000000000e+00 0.000000000000000000e+00
0.000000000000000000e+00 0.000000000000000000e+00 0.000000000000000000e+00
0.000000000000000000e+00 0.000000000000000000e+00 0.000000000000000000e+00
0.000000000000000000e+00 0.000000000000000000e+00 0.000000000000000000e+00
0.000000000000000000e+00 0.000000000000000000e+00 0.000000000000000000e+00
0.000000000000000000e+00 0.000000000000000000e+00 0.000000000000000000e+00
0.000000000000000000e+00 0.000000000000000000e+00 0.000000000000000000e+00
0.000000000000000000e+00 0.000000000000000000e+00 0.000000000000000000e+00
0.000000000000000000e+00 0.000000000000000000e+00 0.000000000000000000e+00
0.000000000000000000e+00 0.000000000000000000e+00 0.000000000000000000e+00
0.000000000000000000e+00 0.000000000000000000e+00 0.000000000000000000e+00
0.000000000000000000e+00 0.000000000000000000e+00 0.000000000000000000e+00
0.000000000000000000e+00 0.000000000000000000e+00 0.000000000000000000e+00
0.000000000000000000e+00 0.000000000000000000e+00 0.000000000000000000e+00
0.000000000000000000e+00 0.000000000000000000e+00 0.000000000000000000e+00
0.000000000000000000e+00 0.000000000000000000e+00 0.000000000000000000e+00
0.000000000000000000e+00 0.000000000000000000e+00 0.000000000000000000e+00
0.000000000000000000e+00 0.000000000000000000e+00 0.000000000000000000e+00
0.000000000000000000e+00 0.000000000000000000e+00 0.000000000000000000e+00
0.000000000000000000e+00 0.000000000000000000e+00 0.000000000000000000e+00
